0
0
0
0
0
0
0
0
0
0
0
0
0
0
0
0
0
0
0
0
0
0
0
0
0
0
0
0
0
0
0
0
0
0
0
1
1
1
2
2
2
2
2
2
2
2
2
2
2
2
2
2
2
2
2
2
2
2
3
3
3
3
4
4
4
4
4
4
4
4
4
4
4
4
4
4
4
4
4
4
4
4
4
4
4
4
4
4
4
4
4
4
4
4
4
4
4
5
5
5
5
5
5
5
5
5
5
5
5
5
5
5
5
5
5
5
5
5
5
5
5
5
5
5
5
5
5
5
5
5
5
5
5
5
5
5
5
5
5
5
5
5
5
5
5
5
5
5
5
5
5
5
5
5
5
5
5
5
5
5
5
5
5
5
5
5
6
6
6
6
6
6
6
6
6
6
6
6
6
6
6
6
6
6
6
6
6
6
6
6
6
6
6
6
6
6
6
6
6
7
7
7
7
7
8
9
9
9
9
9
9
9
9
9
9
9
9
9
10
11
11
13
13
14
14
14
14
14
14
14
16
16
16
16
17
19
20
20
21
23
23
23
23
23
23
24
25
25
26
27
27
28
28
29
29
30
31
31
31
32
34
34
34
34
36
37
37
37
40
40
42
42
42
42
42
43
45
45
45
46
47
48
48
50
51
53
53
54
55
56
56
56
56
57
57
57
58
58
60
60
60
61
62
62
63
63
64
64
64
64
64
65
65
65
66
67
67
67
67
67
67
67
68
69
69
69
69
69
69
69
70
70
71
71
72
73
74
74
75
76
77
77
77
77
78
78
79
79
79
81
81
81
82
83
83
83
84
84
85
85
85
86
86
86
86
86
87
87
87
87
87
87
88
88
89
89
89
89
89
90
90
91
91
92
92
92
95
95
95
95
95
96
96
96
96
96
96
96
96
97
97
97
97
97
97
98
98
98
98
98
98
98
98
99
99
99
99
99
99
99
99
99
100
