0
0
0
0
0
0
0
0
0
0
0
0
0
0
0
0
0
0
0
0
0
0
0
0
0
0
0
0
0
0
0
0
0
0
0
0
0
0
0
0
0
0
0
0
0
0
0
0
0
0
0
0
0
0
0
0
0
0
0
0
0
0
0
0
1
1
1
1
1
1
1
1
1
1
1
1
1
1
2
2
2
3
3
3
4
4
4
4
4
4
4
4
4
4
4
4
4
4
4
4
4
4
4
4
4
4
4
4
4
4
4
5
5
5
5
5
5
5
5
5
5
5
5
5
6
6
6
6
6
6
6
6
6
6
6
6
6
6
6
6
6
6
6
6
6
6
6
6
6
6
6
6
6
6
7
7
7
7
7
8
8
8
8
8
9
9
9
10
10
10
10
10
11
12
12
12
12
12
12
12
12
12
12
12
12
12
13
13
13
13
13
13
13
13
13
13
13
13
13
13
13
13
13
13
14
14
15
15
18
18
18
18
18
18
19
19
19
19
19
20
20
20
21
22
24
24
25
26
26
27
27
27
27
28
30
31
31
31
32
33
34
35
36
37
38
39
41
41
41
42
42
42
42
42
44
44
45
45
46
48
49
49
50
50
50
50
50
51
53
55
55
55
55
55
56
56
57
58
59
61
62
62
62
63
63
63
64
66
66
66
66
66
66
66
66
66
66
66
66
66
66
67
67
67
67
67
68
68
68
68
68
68
70
70
72
72
72
73
73
73
73
73
73
73
73
74
74
74
74
74
74
74
74
74
74
74
74
74
74
75
75
75
75
75
75
75
75
76
76
76
76
76
76
76
76
76
76
76
76
76
76
76
76
76
76
76
76
76
76
76
76
76
77
77
77
78
78
78
78
78
78
79
79
79
79
79
80
80
80
80
80
80
80
80
80
80
80
80
80
80
80
80
80
81
81
81
81
81
81
81
81
81
81
81
81
81
81
81
81
81
81
81
81
81
81
81
81
81
81
81
81
81
81
81
82
82
83
83
83
83
83
83
83
83
83
83
83
83
84
84
84
84
84
84
84
84
84
84
84
84
84
84
84
84
84
84
84
84
84
84
84
85
85
85
85
86
87
87
87
87
87
87
87
87
87
87
87
87
87
87
87
87
87
88
88
88
89
89
89
89
89
89
89
89
89
89
89
89
89
89
89
89
89
90
92
92
92
93
94
94
94
94
94
94
95
95
95
95
95
95
95
96
96
96
96
97
97
97
97
97
97
97
97
97
98
98
98
98
98
98
98
98
98
98
98
98
98
98
98
98
98
98
98
98
98
98
98
98
98
98
98
98
98
98
98
99
99
99
99
100
