0
0
0
0
0
0
0
0
0
0
0
0
0
0
0
0
0
0
0
0
0
0
2
2
2
2
2
2
2
2
3
3
3
4
4
4
4
4
4
4
4
4
4
4
4
4
4
4
4
4
4
5
5
5
5
6
6
6
6
8
8
8
8
8
10
11
11
12
13
14
14
15
16
16
17
17
17
18
19
20
22
23
24
25
26
27
30
32
33
33
35
36
37
37
37
37
38
39
40
40
40
42
42
42
42
42
43
43
45
46
47
47
48
48
49
49
49
49
50
50
50
50
50
50
51
51
51
51
51
51
51
52
52
53
54
55
55
56
56
56
56
57
57
57
57
57
57
57
57
57
57
57
57
57
58
58
58
58
58
59
59
59
59
59
59
59
60
60
60
60
60
61
61
61
61
61
62
63
64
64
65
66
67
67
67
67
67
67
68
68
69
69
69
69
69
70
70
70
71
71
73
74
75
75
76
76
76
76
76
77
77
77
77
77
78
78
79
80
80
80
80
80
80
80
80
81
81
81
81
81
81
81
81
81
82
82
83
83
83
83
83
83
83
83
83
83
83
85
85
85
86
87
87
87
88
88
88
88
88
88
88
88
88
88
88
88
88
88
88
88
88
88
88
88
88
89
89
89
90
90
90
90
90
91
91
91
91
91
91
91
91
92
92
92
92
92
92
92
92
92
92
92
92
92
92
92
92
92
92
92
93
93
93
93
93
93
93
93
93
93
93
93
93
93
93
93
93
94
94
94
94
95
95
95
95
95
95
95
95
95
95
95
95
96
96
96
96
96
96
96
97
97
97
97
97
98
98
98
98
98
98
98
98
98
98
98
98
98
98
98
98
98
98
98
98
98
98
98
98
98
98
98
98
98
98
98
98
98
98
98
98
98
98
98
98
98
98
98
98
98
98
98
99
99
99
99
99
99
99
99
99
99
99
99
99
99
99
99
99
99
99
99
99
99
99
99
99
99
99
99
99
99
99
99
99
99
99
99
99
99
99
99
99
99
99
99
99
99
99
99
99
99
99
99
99
99
99
99
99
99
99
99
99
99
99
99
99
99
99
99
99
99
99
99
99
99
99
99
99
99
99
99
99
99
99
99
99
99
99
99
99
99
99
99
99
99
99
100
