0
0
0
0
0
0
0
0
0
0
0
0
0
0
0
0
0
0
0
0
0
0
0
0
0
0
0
0
0
1
1
1
1
2
2
2
2
2
2
2
2
2
2
2
2
2
2
2
2
2
2
2
2
2
2
3
3
3
4
4
4
4
4
4
4
4
4
4
4
4
4
4
4
4
4
4
4
4
4
4
4
4
4
4
4
4
4
4
4
4
4
4
4
4
4
4
4
4
4
4
4
4
4
4
4
4
4
4
4
4
4
4
4
4
4
4
5
5
5
5
5
5
5
5
5
5
6
6
6
6
6
6
6
6
6
6
6
6
6
6
6
7
8
8
8
8
8
8
9
9
9
9
9
9
9
9
9
9
9
9
9
9
9
9
9
9
9
9
9
9
9
9
9
9
9
9
9
9
10
10
10
10
11
11
11
12
12
12
13
13
13
13
13
13
13
13
14
14
14
15
15
15
15
15
15
15
15
15
16
16
16
16
16
16
16
18
18
18
18
19
19
20
20
20
20
20
20
20
21
21
22
22
22
23
23
24
24
24
24
25
26
26
27
27
27
28
29
30
30
30
30
30
32
33
33
33
33
34
35
36
38
38
39
39
39
40
41
43
46
47
47
47
48
48
49
50
50
51
52
53
53
54
55
55
55
55
55
55
55
57
58
59
60
61
61
62
63
64
65
67
69
70
71
72
72
73
74
75
77
77
77
77
78
78
78
78
79
79
79
79
79
80
80
80
81
81
84
85
85
86
86
88
88
89
90
91
92
92
92
92
93
94
94
94
94
95
95
95
95
95
95
95
97
98
99
101
101
101
101
101
102
102
102
103
103
103
103
104
106
107
108
108
108
111
111
111
112
113
113
114
114
114
115
115
116
117
117
117
118
119
120
120
120
120
120
121
122
122
122
122
122
123
124
124
124
124
125
125
125
126
126
126
126
126
126
127
127
127
127
127
127
127
128
129
129
129
129
130
131
131
131
131
131
132
132
132
132
132
132
132
132
133
133
133
134
134
134
135
136
136
136
137
137
137
138
139
139
139
139
140
140
140
141
141
142
142
143
143
143
143
143
143
143
143
143
144
145
145
145
145
145
145
145
145
146
146
146
146
146
146
146
146
146
146
146
147
147
148
148
148
148
148
148
148
148
148
148
148
148
148
148
148
148
148
148
148
148
148
148
148
148
148
148
148
148
148
148
148
148
148
148
148
148
148
148
148
148
148
148
148
148
148
148
148
148
148
148
148
148
148
149
149
149
150
