0
0
0
0
0
0
0
0
0
0
0
0
0
0
0
0
0
0
0
0
0
0
0
0
0
0
0
0
0
0
0
0
0
0
0
0
0
0
0
0
0
0
0
0
1
1
1
1
1
1
1
1
1
1
1
1
1
1
1
1
1
1
1
2
2
2
2
2
2
2
2
2
2
2
2
2
2
2
3
3
3
4
4
4
4
4
4
4
4
4
4
4
4
5
6
6
6
6
6
6
7
7
7
7
7
7
7
7
7
7
7
7
7
7
7
7
7
7
7
7
7
7
7
7
7
7
7
7
7
7
7
7
7
7
7
7
7
7
7
7
7
7
7
7
7
7
7
7
7
7
7
7
7
7
8
8
8
9
10
11
11
12
12
12
12
12
12
13
14
15
16
16
17
18
18
18
18
18
18
18
18
18
18
18
18
18
18
18
18
18
18
19
19
19
19
19
19
19
21
21
21
22
22
22
22
22
23
23
23
23
23
23
24
24
25
26
26
27
28
31
31
33
37
38
38
38
41
42
43
44
45
45
47
47
47
49
49
50
50
50
50
50
50
51
53
53
53
53
55
55
55
57
60
61
63
63
63
63
63
64
64
64
64
64
64
65
65
65
67
67
67
67
68
69
70
70
70
70
70
70
70
71
71
71
71
71
71
71
71
71
71
73
73
73
73
73
73
73
73
73
74
74
74
75
76
76
77
78
79
79
79
80
82
84
85
87
88
88
88
89
91
91
91
91
91
91
91
91
92
93
93
93
94
95
96
97
97
97
97
97
98
98
98
98
99
99
99
99
99
99
100
100
100
101
101
101
101
102
103
103
103
103
103
103
103
104
104
104
104
106
106
106
106
106
108
108
108
108
108
108
108
108
108
109
109
110
112
113
114
115
115
115
116
117
117
117
117
117
117
117
118
118
118
118
118
118
118
118
118
118
118
119
119
119
119
119
119
119
120
120
120
120
121
123
123
123
123
123
123
123
124
124
125
125
125
126
128
128
128
128
130
130
130
130
130
130
130
130
130
130
130
130
130
130
130
131
131
131
131
131
131
131
131
131
131
131
131
131
131
131
131
131
131
131
131
131
131
131
131
131
131
131
131
131
131
131
132
133
133
133
133
133
133
133
133
133
133
133
133
133
133
133
133
133
135
136
136
137
138
138
138
139
139
139
139
139
139
139
139
139
139
139
139
139
139
139
140
140
140
140
140
140
140
140
140
140
140
140
140
140
141
142
142
142
142
142
143
143
143
143
143
143
143
143
143
143
143
143
143
143
143
143
143
143
143
143
143
143
143
143
143
143
144
144
144
144
144
144
144
144
144
145
145
145
145
146
146
146
146
146
146
146
146
146
146
146
146
146
146
147
147
147
147
148
148
150
