0
0
0
0
0
0
0
0
0
0
0
0
0
0
0
0
0
0
0
0
0
0
0
0
0
0
0
0
0
0
0
0
0
0
0
0
0
0
0
0
0
0
0
1
1
1
1
1
1
1
1
1
1
1
1
1
1
1
1
1
1
1
1
1
1
2
2
2
2
2
2
2
2
2
2
2
2
2
2
2
2
2
2
3
3
3
3
3
3
3
3
3
3
3
3
3
3
3
3
3
3
3
3
3
3
3
3
3
3
3
3
3
4
4
4
4
4
5
5
5
5
5
5
5
5
5
5
5
5
6
6
6
6
6
6
6
6
6
6
6
6
7
7
7
7
7
8
8
8
8
8
10
10
10
11
11
11
11
11
11
13
13
13
13
13
13
13
13
13
13
13
14
15
15
15
15
15
15
15
15
15
15
16
16
16
16
17
17
18
19
20
20
20
20
20
20
21
21
22
22
22
22
22
23
23
23
23
23
24
24
24
24
24
24
24
25
25
25
25
25
25
25
25
25
25
25
25
25
25
25
25
25
25
25
25
25
25
25
25
25
25
25
25
25
25
25
25
25
25
25
25
25
25
25
25
25
25
25
25
25
25
25
25
25
25
25
25
25
25
25
25
25
25
25
25
25
25
25
25
25
25
25
25
25
25
25
25
25
25
25
25
25
25
25
25
25
25
25
25
25
25
25
25
25
25
25
25
25
25
25
25
25
26
26
26
26
26
26
26
26
26
26
26
26
26
26
26
26
26
26
26
26
26
26
26
26
26
27
28
28
28
28
28
28
28
28
28
28
28
28
28
28
28
28
28
28
28
28
28
28
28
28
28
28
28
28
28
28
28
28
28
28
28
28
28
28
28
28
28
28
28
28
28
28
28
28
28
28
29
29
29
29
29
29
29
29
29
29
29
29
29
29
29
29
29
29
30
30
30
30
32
32
33
33
34
35
36
37
38
38
38
40
40
42
43
43
43
44
44
44
45
45
45
45
47
48
48
51
52
52
52
52
52
53
54
54
55
55
56
56
57
58
60
60
60
60
60
61
65
65
65
66
68
68
68
69
69
72
73
73
74
74
74
75
76
76
79
80
80
80
81
82
82
84
84
84
84
84
84
86
87
88
89
89
91
93
95
95
96
96
96
98
98
99
99
99
100
100
100
101
101
101
102
102
102
103
103
106
107
108
108
109
110
110
110
110
113
113
114
115
115
115
115
115
115
115
116
116
117
117
117
117
118
119
119
120
120
120
120
120
120
120
120
120
121
121
121
122
122
122
125
125
126
126
126
126
126
126
126
126
126
127
127
127
127
127
127
128
128
128
129
129
129
129
130
130
130
130
132
132
132
132
132
133
133
133
133
133
133
133
133
134
134
134
135
135
135
135
135
135
135
135
136
136
136
136
137
137
137
137
137
138
138
138
139
139
139
139
139
139
139
139
139
139
139
139
139
139
139
139
139
139
139
140
141
141
142
142
143
143
143
143
144
144
144
144
144
144
145
145
145
145
145
145
145
145
146
146
146
146
146
146
146
146
146
146
146
146
146
146
146
146
146
146
147
147
147
147
147
147
147
147
147
147
147
147
147
147
147
147
147
147
147
147
147
147
147
147
147
147
147
147
147
147
147
147
147
147
147
147
147
147
147
147
147
147
147
147
147
147
147
147
147
147
147
147
147
147
147
147
147
147
148
148
148
148
148
149
149
149
149
150
