0
0
0
0
0
0
0
0
0
0
0
0
0
0
0
0
0
0
0
0
0
0
0
0
0
0
0
0
0
0
0
0
0
0
0
0
0
0
0
0
0
0
0
1
1
1
1
1
1
1
1
1
1
1
1
1
1
1
1
1
1
1
1
1
1
2
2
2
2
2
2
2
2
2
2
2
2
2
2
2
2
2
2
3
3
3
3
3
3
3
3
3
3
3
4
4
4
4
4
4
4
4
4
4
4
4
5
5
5
5
5
5
5
5
5
5
5
5
5
5
5
5
5
5
5
6
6
6
6
6
6
6
6
6
6
7
7
7
7
7
7
7
7
7
7
7
7
7
8
9
9
9
9
10
10
10
10
10
10
10
10
10
10
10
10
10
10
10
10
11
11
11
11
11
11
11
11
11
11
11
12
12
12
12
12
12
12
12
12
12
12
12
12
12
13
13
13
13
13
13
14
14
15
17
17
18
18
18
19
19
19
19
19
19
19
19
19
19
19
20
20
20
21
21
21
21
21
21
21
21
21
21
21
21
21
21
21
21
21
21
21
21
21
21
21
21
21
21
21
21
21
21
21
21
21
21
21
21
21
21
21
21
21
21
21
21
21
21
21
21
21
21
21
21
21
21
21
21
21
21
21
21
21
21
21
21
21
21
21
21
21
21
21
21
21
21
21
21
21
21
21
21
21
21
21
21
21
21
21
21
21
21
21
21
21
21
21
21
21
22
22
23
23
23
23
23
23
23
23
23
23
23
23
23
23
23
23
23
23
23
23
23
23
23
23
23
23
23
23
23
23
23
23
23
23
23
23
23
23
23
23
23
23
23
23
23
23
23
23
23
23
23
23
23
23
23
23
23
23
23
23
23
23
23
23
23
23
23
23
23
23
23
23
23
23
23
23
23
23
23
23
23
23
23
23
23
24
24
28
30
32
34
37
37
39
40
41
44
44
45
49
52
53
55
56
56
56
56
56
56
56
56
58
58
61
62
62
62
65
65
68
68
68
69
69
70
72
73
74
75
75
76
77
77
80
81
81
82
82
83
84
84
84
84
90
90
90
90
90
90
92
92
92
92
94
95
95
95
95
95
95
96
98
99
99
100
101
101
102
102
104
106
107
107
108
108
109
110
111
113
114
115
115
116
118
118
118
118
119
120
120
121
122
122
123
123
124
124
124
124
124
125
125
125
128
128
128
128
128
128
128
128
129
129
129
129
129
129
131
131
131
133
133
133
133
133
133
133
133
133
133
134
135
135
135
135
135
136
136
137
138
138
138
138
138
138
138
138
139
139
140
140
140
140
140
140
140
140
140
140
141
141
141
141
141
141
141
141
142
142
142
142
142
142
142
142
142
143
143
143
143
143
143
143
143
143
143
143
144
144
144
144
144
144
144
144
144
144
144
144
144
144
144
144
144
144
144
144
144
144
144
144
144
144
144
144
144
144
144
144
144
144
144
144
144
144
144
144
144
144
144
144
144
144
144
144
144
145
145
145
145
145
145
146
146
146
146
146
147
147
147
147
147
147
148
148
148
148
149
149
149
149
149
149
149
149
149
149
149
149
149
149
150
