0
0
0
0
0
0
0
0
0
0
0
0
0
0
0
0
0
0
0
0
0
0
0
0
0
0
0
0
0
0
0
0
0
0
0
0
0
0
0
0
0
0
0
0
0
0
0
0
0
1
1
1
1
1
1
1
1
1
1
1
1
1
1
1
1
1
1
1
1
1
1
2
2
2
2
2
2
2
2
2
2
2
2
2
2
2
2
2
2
3
3
3
3
3
3
3
3
3
3
3
3
3
3
3
3
3
3
3
3
3
3
3
3
3
3
3
3
3
5
5
5
5
5
6
6
6
6
6
6
6
7
7
7
7
7
7
7
7
8
8
8
8
8
9
9
9
9
9
9
9
9
9
9
9
9
9
9
10
10
10
10
12
12
12
13
14
15
15
15
15
16
16
16
16
16
16
16
16
16
16
16
16
16
17
18
18
18
18
18
18
18
18
18
19
20
20
21
21
21
21
21
21
21
22
23
24
24
24
25
25
25
25
25
25
25
25
25
25
25
25
25
25
25
25
25
25
25
25
25
25
25
25
25
25
25
25
25
25
25
25
25
25
25
25
25
25
25
25
25
25
25
25
25
25
25
25
25
25
25
25
25
25
25
25
25
25
25
25
25
25
25
25
25
25
25
25
25
25
25
25
25
25
25
25
25
25
25
25
25
25
25
25
25
25
25
25
25
25
25
25
25
25
25
25
25
25
25
25
25
25
25
25
25
25
25
25
25
25
25
25
25
25
25
25
25
25
25
25
25
25
25
25
25
25
25
25
25
25
25
25
25
25
25
25
25
25
25
25
25
25
25
25
25
25
25
25
25
25
25
25
25
25
25
25
25
25
25
25
25
25
25
25
25
25
25
25
25
25
25
25
25
25
25
25
25
25
25
25
25
25
25
25
25
25
25
25
25
25
25
25
25
25
25
25
26
26
27
27
28
29
29
29
29
29
31
31
31
31
31
31
31
31
31
34
36
36
36
37
38
38
38
39
40
40
41
41
41
42
42
42
42
42
42
42
42
42
42
42
42
42
42
43
43
43
45
45
45
45
46
46
47
47
47
47
48
48
50
51
51
51
51
51
51
52
53
54
55
55
56
57
57
57
57
57
57
58
59
61
62
63
63
64
64
65
65
65
65
65
65
67
69
69
69
70
70
71
71
71
71
72
72
72
72
72
72
72
72
73
73
74
74
75
75
75
75
75
75
76
76
76
77
78
79
79
80
80
80
81
81
81
81
81
81
81
82
82
82
83
83
83
84
84
85
85
85
85
86
86
86
86
86
86
86
86
86
87
87
87
87
87
87
87
87
88
88
89
89
89
89
89
89
89
89
89
89
90
90
91
91
91
91
92
92
93
94
95
95
95
96
96
96
96
96
96
96
96
96
97
97
98
99
99
99
99
99
99
99
99
99
99
99
99
99
99
99
99
99
99
99
99
100
100
100
100
100
100
100
100
100
100
100
101
101
102
103
103
105
105
105
105
105
105
105
105
105
105
105
105
106
106
106
106
106
106
106
106
106
106
106
106
106
106
106
106
106
106
106
106
106
106
107
107
107
107
107
107
107
107
107
107
107
107
109
109
109
110
110
110
110
110
110
110
110
111
112
112
112
112
113
113
113
113
113
113
113
113
113
114
114
114
114
114
114
114
114
114
114
114
114
114
114
114
114
114
114
114
114
114
114
114
114
114
114
114
114
114
114
115
115
115
117
118
118
118
118
118
119
119
120
120
120
120
120
120
120
121
121
121
123
123
123
123
123
123
123
124
124
124
124
124
124
124
124
126
126
126
126
126
126
126
126
127
128
128
128
128
128
129
129
129
129
129
129
129
129
130
130
130
130
130
130
130
130
130
130
130
130
130
130
131
131
131
131
131
131
131
132
132
132
132
132
132
132
133
133
133
133
133
134
134
134
134
135
135
135
135
135
135
135
135
135
136
136
136
136
136
136
136
136
136
136
136
136
136
136
136
136
136
136
136
136
136
136
136
136
136
136
136
136
136
136
136
136
136
136
136
136
136
136
136
136
136
136
136
136
136
136
136
136
136
136
137
137
138
138
138
138
138
138
138
138
138
138
138
139
139
139
139
139
139
140
140
140
140
140
140
140
140
140
140
141
141
141
141
141
141
141
141
141
141
141
141
141
141
142
142
142
142
142
143
144
144
144
144
144
144
145
145
145
145
145
145
145
145
145
145
145
145
145
145
145
145
145
145
145
145
145
145
145
145
145
146
146
146
146
146
146
146
146
146
146
146
146
146
146
146
146
146
146
146
146
146
146
146
146
146
146
146
146
147
147
147
148
148
148
148
148
148
148
148
148
148
148
148
148
148
148
148
148
148
148
148
148
148
148
148
148
148
148
148
148
148
148
148
148
148
148
148
148
148
148
148
148
148
148
148
148
148
148
148
148
148
148
148
148
148
148
148
148
148
148
148
148
148
148
148
148
148
148
148
148
148
148
148
148
148
148
148
148
148
148
148
149
149
149
149
149
149
149
149
149
150
