0
0
0
0
0
0
0
0
0
0
0
0
0
0
0
0
0
0
0
0
0
0
0
0
0
0
0
0
0
0
0
0
0
0
0
0
0
0
0
0
0
0
0
0
0
0
0
0
0
0
0
0
0
0
0
0
0
0
0
0
0
0
0
0
0
0
0
0
0
0
0
0
0
0
0
0
0
0
0
1
1
1
1
1
1
1
1
1
1
1
1
1
1
1
1
1
1
1
1
1
1
1
1
1
1
1
1
1
1
1
1
1
1
2
2
2
2
2
2
2
2
2
2
2
2
2
2
2
2
3
3
3
3
3
3
3
3
3
3
3
3
3
3
3
3
3
3
3
3
3
3
3
3
3
3
3
3
3
3
3
3
3
3
3
3
3
3
3
3
3
3
3
3
3
3
3
4
4
4
4
4
4
4
4
4
4
4
4
4
4
4
4
4
4
4
4
4
4
4
4
4
4
4
4
4
4
4
4
4
4
5
5
5
5
5
5
5
5
6
6
7
7
8
9
9
9
10
11
11
11
11
11
11
11
11
11
11
12
12
12
13
14
14
14
14
15
16
17
17
18
18
18
20
21
22
22
22
22
24
24
26
27
27
27
27
27
27
28
28
29
30
31
32
32
34
35
35
35
36
37
38
39
39
39
42
44
47
49
49
50
51
52
54
54
54
54
54
54
55
55
57
57
59
59
60
60
60
61
63
63
64
65
65
66
66
66
66
67
68
68
68
68
69
69
71
72
73
73
74
74
74
74
74
74
75
75
75
75
76
76
79
80
80
80
81
83
83
83
83
83
83
85
85
85
85
87
90
91
91
91
91
92
92
93
93
93
93
93
93
94
96
97
97
97
97
97
97
98
99
99
99
100
101
102
104
105
105
105
106
106
107
107
107
108
108
108
109
109
109
111
111
111
111
112
112
112
114
114
115
116
117
117
118
118
118
118
118
120
120
120
120
120
121
122
122
122
122
122
122
122
122
123
124
125
125
125
126
127
127
127
127
127
127
127
127
127
127
127
129
130
130
130
130
130
131
133
133
134
134
134
134
134
134
134
135
135
135
135
135
135
135
135
135
135
135
136
136
136
136
136
137
137
138
138
138
138
138
138
138
138
138
138
139
139
139
139
139
139
139
139
139
139
139
139
140
141
141
141
141
141
142
142
142
142
142
142
143
143
143
144
144
144
144
144
144
144
145
145
145
145
145
145
145
145
145
145
145
145
145
145
145
145
145
145
145
145
145
145
145
145
145
145
146
146
146
146
146
146
147
147
147
147
147
147
147
147
147
147
147
147
147
147
148
148
148
148
148
148
148
148
148
149
149
149
149
149
149
149
149
149
149
149
149
149
149
149
149
149
149
149
149
149
149
149
149
149
149
150
