0
0
0
0
0
0
0
0
0
0
0
0
0
0
0
0
0
0
0
0
0
0
0
0
0
0
0
0
1
1
1
1
1
1
1
1
1
1
1
1
1
1
2
2
2
3
3
3
3
3
3
3
3
3
3
3
3
3
3
3
3
3
3
3
3
3
4
4
4
4
4
4
4
4
4
5
5
5
5
6
7
7
7
7
7
7
7
7
7
7
7
7
7
7
7
7
7
7
7
7
7
7
7
7
7
7
7
7
8
8
8
8
8
8
8
8
8
8
8
8
8
8
8
8
8
8
9
9
9
9
9
9
9
9
9
9
9
9
9
9
9
9
9
10
10
10
11
11
11
11
11
11
11
11
12
12
14
14
14
14
14
14
14
15
15
16
16
16
16
16
16
16
16
16
16
17
17
17
17
18
18
19
19
19
19
21
21
21
21
22
22
23
23
23
24
24
24
24
24
24
24
24
24
24
24
25
26
26
26
26
26
26
26
26
27
28
28
29
30
31
32
32
32
32
33
34
37
37
37
38
40
41
42
42
43
44
45
46
48
48
49
49
49
49
49
52
54
55
55
55
56
57
58
58
58
58
59
60
60
60
61
61
61
61
61
62
62
62
62
62
62
62
63
64
65
66
66
66
68
69
71
71
71
71
71
73
73
73
74
75
75
76
76
77
77
78
78
78
79
79
80
80
81
82
82
83
83
83
83
83
83
83
84
84
84
84
84
84
84
85
85
85
85
86
86
86
87
87
87
87
87
87
88
88
89
89
90
91
92
92
92
92
92
92
92
92
93
93
94
94
94
94
94
94
95
96
97
97
98
98
98
99
100
101
101
102
102
103
103
103
103
103
104
104
104
104
104
104
104
104
104
104
105
105
105
105
105
105
106
106
106
106
106
106
106
106
106
106
106
107
108
109
110
111
111
111
112
112
112
112
112
112
112
112
114
114
114
116
118
118
118
118
118
118
118
118
118
118
118
118
118
118
118
118
119
119
119
119
119
120
121
121
121
122
122
123
123
123
123
123
123
123
123
123
123
123
123
123
123
123
123
124
125
125
125
125
125
125
125
125
125
125
125
125
125
125
125
125
126
126
126
126
127
127
127
127
127
127
127
127
127
127
127
127
127
127
127
127
127
127
127
127
127
127
127
128
128
128
128
128
128
128
129
129
129
129
129
129
129
129
129
129
129
129
130
131
131
131
131
131
131
131
131
131
131
131
131
131
131
131
131
131
131
131
132
132
132
133
136
136
136
136
136
137
137
137
137
137
137
137
137
138
138
138
138
138
138
138
138
138
138
138
138
138
138
138
138
138
138
138
138
138
138
138
138
138
138
138
138
139
139
140
140
140
140
140
140
140
140
141
141
141
141
142
143
143
143
144
144
144
144
144
144
144
144
144
144
144
145
145
145
145
145
145
145
145
145
145
145
145
145
145
145
146
146
146
146
146
146
146
146
146
146
146
146
147
147
147
147
147
147
147
147
147
147
147
147
147
147
147
147
147
147
147
147
147
147
147
147
147
147
147
147
147
147
147
147
147
147
147
147
147
147
147
147
147
147
147
147
147
147
147
147
147
147
147
147
147
147
147
147
147
147
147
147
147
147
147
147
147
147
147
147
147
147
147
147
147
147
147
147
147
147
147
147
147
147
147
147
147
147
147
147
147
147
147
147
147
147
147
147
147
147
147
147
147
147
147
147
147
147
147
147
147
147
147
147
147
147
147
147
147
147
147
147
147
147
147
147
147
147
147
147
147
147
147
147
147
147
147
147
147
147
147
147
147
147
147
147
147
147
147
147
147
147
147
147
147
147
147
147
147
147
147
147
147
147
147
147
147
147
147
147
147
147
147
147
147
147
147
147
147
147
147
147
147
147
147
147
147
147
147
147
147
147
147
147
147
147
147
147
147
147
147
147
147
147
147
147
147
147
147
147
147
147
147
147
147
147
147
147
147
147
147
147
147
147
147
147
147
147
147
147
147
147
147
147
147
147
147
147
147
147
147
147
147
147
147
147
147
147
147
147
147
147
147
147
147
147
147
147
147
147
147
147
147
147
147
147
147
148
148
148
148
148
148
149
149
149
149
149
149
149
149
149
149
149
149
149
149
149
149
149
149
149
149
150
