0
0
0
0
0
0
0
0
0
0
0
0
0
0
0
0
0
0
0
0
0
0
0
0
0
0
0
0
0
0
0
0
0
0
0
0
0
0
0
0
0
0
0
0
0
0
0
0
0
0
0
0
0
0
0
0
0
0
0
0
0
0
0
0
0
0
0
1
1
1
1
1
1
1
1
1
1
1
2
2
2
2
2
2
2
2
2
2
2
2
2
2
2
2
2
2
2
2
2
2
2
2
2
2
2
2
2
3
3
3
3
3
3
3
3
3
3
3
3
3
3
3
3
3
3
3
3
3
3
3
3
3
3
3
3
3
3
3
3
4
4
4
4
4
4
4
4
4
4
4
4
4
4
4
4
4
4
4
4
4
4
5
5
5
5
5
5
5
5
5
6
6
6
6
7
8
9
9
9
9
9
10
11
11
11
11
11
11
11
11
11
11
11
11
11
11
11
12
12
12
12
12
12
13
13
13
13
13
13
13
14
14
14
14
14
14
14
14
14
14
14
14
14
14
14
15
16
16
16
16
16
16
16
16
16
16
16
16
16
16
16
16
16
16
16
16
17
17
18
18
19
19
20
20
21
21
21
21
21
21
21
21
21
21
22
22
22
24
24
25
26
27
28
29
29
29
32
32
32
32
32
33
33
34
34
34
35
36
37
37
38
38
38
39
40
41
42
42
42
42
43
44
46
47
47
48
49
49
49
49
49
49
50
50
50
50
50
50
51
52
54
54
55
55
55
55
55
55
55
55
57
57
57
57
57
57
58
58
60
61
62
63
64
64
64
64
65
65
65
65
65
65
65
65
65
65
65
67
67
68
69
70
71
71
71
71
71
71
71
72
72
73
74
74
74
74
74
74
74
75
75
75
75
75
75
75
75
75
75
75
76
76
76
76
76
76
77
77
77
78
78
78
78
80
80
80
80
80
80
80
80
80
80
81
81
81
81
82
83
83
83
84
84
84
84
84
84
85
85
85
85
86
87
88
88
90
90
91
91
91
91
91
91
91
91
91
91
91
91
91
91
92
92
92
92
92
92
92
93
93
93
93
94
94
94
94
94
94
94
94
94
95
96
96
97
97
97
98
99
99
99
99
99
99
99
100
100
100
100
100
100
100
100
100
100
100
100
100
101
101
101
101
101
101
101
104
105
105
105
107
107
107
107
107
107
107
107
107
108
108
108
108
108
108
108
108
109
109
110
110
110
110
110
110
110
110
111
112
112
112
112
112
113
113
114
114
114
114
114
114
114
114
114
114
114
114
114
114
114
114
114
114
114
114
114
114
114
114
114
114
114
114
114
114
114
115
115
115
115
115
115
116
117
117
117
117
117
117
117
117
117
118
118
119
120
120
120
120
120
122
122
122
122
122
122
123
123
124
124
124
124
125
125
125
125
125
125
125
126
126
126
126
126
126
126
126
126
126
126
126
126
126
127
127
127
127
128
128
128
128
128
128
128
128
128
128
128
128
128
128
129
129
129
129
129
129
129
129
130
130
130
130
130
130
130
130
130
130
130
130
130
130
131
131
132
132
132
132
132
133
133
133
134
134
134
134
134
134
134
134
135
135
135
135
135
135
135
135
135
135
135
135
135
135
135
136
136
137
137
137
137
137
137
137
137
137
137
137
137
137
137
137
137
137
137
137
137
137
137
139
139
140
140
140
141
141
141
141
141
141
141
142
142
142
142
142
142
142
142
142
142
142
142
142
142
142
142
142
142
142
142
142
142
142
142
142
142
142
142
142
142
142
142
142
142
142
142
142
142
142
142
142
142
142
142
144
144
144
144
144
144
145
145
145
145
145
145
145
146
146
146
146
146
146
146
146
146
146
146
146
146
146
146
146
146
146
146
146
146
146
146
146
146
146
146
146
146
146
146
146
146
146
146
147
147
147
147
147
147
147
147
147
147
147
147
147
147
147
147
147
147
147
147
147
147
147
147
147
147
147
147
147
147
147
147
147
147
147
147
147
147
147
147
147
147
147
147
148
148
148
148
148
148
148
148
148
148
148
148
148
148
148
148
148
148
148
148
148
148
148
148
148
148
148
148
148
148
148
148
148
148
148
148
148
148
148
148
148
148
148
148
148
148
148
148
148
148
148
148
148
148
148
148
148
148
148
148
148
148
148
148
148
148
148
148
148
148
148
148
148
148
148
148
148
148
148
148
148
148
148
148
148
148
148
148
148
148
148
148
148
148
148
148
148
148
148
148
148
148
148
148
148
148
148
148
148
148
148
148
148
148
148
148
148
148
148
148
148
148
148
148
148
148
148
148
148
148
148
148
148
148
148
148
148
148
148
148
148
148
148
148
148
148
148
148
148
148
148
148
148
148
148
148
148
148
148
148
148
148
148
148
148
148
148
148
148
148
148
148
148
148
148
148
148
148
148
148
148
148
148
148
148
148
148
148
148
148
148
148
148
148
148
148
148
148
148
148
148
148
148
148
148
148
148
148
148
148
148
148
148
148
148
148
148
148
148
148
148
148
149
149
149
149
149
149
149
149
149
149
149
149
149
149
149
150
