0
0
0
0
0
0
0
0
0
0
0
0
0
0
0
0
0
0
0
0
0
0
0
0
0
0
0
0
0
0
0
0
0
0
0
0
0
0
0
0
0
0
1
1
1
1
1
1
1
1
1
1
1
1
1
1
1
1
1
1
1
2
2
2
2
2
2
2
2
2
2
2
2
2
2
2
2
2
2
2
2
3
3
3
3
3
3
3
3
3
3
3
3
3
3
3
3
3
3
3
3
3
3
3
4
4
4
4
4
4
4
4
4
4
6
6
6
6
6
6
6
6
7
7
7
7
7
7
7
8
8
8
8
8
8
8
8
8
8
8
8
8
8
8
8
8
8
8
8
8
8
8
8
8
8
8
8
8
8
8
8
8
8
8
8
8
8
8
8
8
8
8
8
8
8
8
8
8
8
8
8
8
8
8
8
8
8
8
9
9
9
9
9
9
9
9
9
9
9
9
9
9
9
9
9
9
9
10
11
12
12
12
12
13
13
13
13
14
14
14
14
16
16
16
17
20
21
21
21
22
25
26
29
30
32
32
33
33
34
34
36
38
38
38
38
39
41
42
42
44
45
45
45
47
48
49
52
52
54
54
55
56
58
58
58
59
59
61
62
62
64
64
65
65
66
66
66
68
68
69
72
73
75
76
78
79
83
84
84
85
86
86
86
86
86
88
89
89
89
90
91
92
93
93
93
94
94
94
95
96
96
98
99
99
101
103
104
105
106
108
109
111
113
113
114
115
116
116
118
119
120
120
121
121
121
121
121
122
122
123
123
123
124
124
124
124
124
125
126
126
128
129
129
130
131
131
131
131
131
131
135
136
137
138
139
139
139
139
140
140
140
140
140
140
140
140
140
140
140
140
140
140
140
140
142
142
143
143
143
143
143
144
144
144
145
145
145
145
146
146
146
147
148
148
148
148
148
148
148
148
148
148
148
149
149
149
149
149
149
149
149
149
149
149
149
149
149
149
149
149
149
149
149
149
149
149
149
149
149
149
149
149
149
149
149
149
150
