0
0
0
0
0
0
0
0
0
0
0
0
0
0
0
0
0
0
0
0
0
0
0
0
0
0
1
1
1
1
1
1
1
1
1
1
1
1
1
1
1
1
1
1
2
2
2
2
2
2
2
2
2
2
2
2
2
2
2
2
2
2
2
2
2
2
2
3
3
3
3
3
4
4
4
4
4
4
5
5
5
5
5
6
6
6
6
7
7
7
7
7
7
7
7
7
8
9
9
9
9
9
9
9
9
9
10
10
10
10
10
10
10
10
10
10
10
10
11
12
12
12
12
12
12
12
12
12
13
14
14
14
14
14
15
15
15
16
16
16
16
16
16
17
18
18
18
18
18
19
20
20
20
20
20
20
21
22
22
22
23
24
25
25
25
26
26
27
27
27
27
28
28
28
28
28
28
29
29
29
29
29
29
29
29
29
29
30
31
31
31
31
31
31
31
32
32
32
32
33
34
35
36
36
36
36
37
38
39
40
40
41
43
45
46
46
47
48
48
48
48
49
51
51
52
52
54
54
54
55
55
55
55
55
55
57
57
57
57
59
59
62
64
65
66
68
71
72
73
73
73
75
75
77
78
78
80
80
80
81
81
82
83
84
85
85
85
86
86
86
87
87
87
88
88
88
88
90
90
90
91
91
91
91
91
92
92
93
94
96
98
98
98
98
98
98
98
98
98
98
98
99
100
100
101
101
101
101
101
102
103
103
104
105
105
105
105
105
105
105
105
106
107
107
107
107
107
107
108
108
108
108
108
108
108
108
109
109
109
109
109
109
109
109
109
109
109
109
109
110
110
110
112
112
112
113
113
113
113
113
113
113
113
115
115
115
115
116
116
116
117
117
117
118
118
118
119
119
119
119
120
120
120
121
121
121
121
122
122
122
123
123
123
123
123
123
123
124
124
124
125
125
125
126
126
126
128
129
129
129
129
129
129
130
131
131
132
132
132
132
133
133
133
134
134
135
135
136
138
138
138
138
138
138
138
138
139
139
139
140
140
140
141
141
141
141
141
141
141
141
142
142
142
142
142
143
144
144
144
144
145
145
145
145
145
146
146
147
147
148
148
148
148
148
148
148
149
150
150
150
150
150
150
150
150
150
150
151
152
152
152
152
152
153
153
153
154
156
156
156
156
156
157
158
158
158
158
158
158
158
159
160
160
160
160
160
160
160
161
161
161
161
161
161
162
162
162
162
162
162
162
162
162
162
162
162
162
162
162
162
162
162
162
162
162
162
162
163
163
163
164
165
165
165
166
166
166
166
166
166
166
166
166
167
167
167
167
167
167
167
167
167
167
167
167
167
167
167
168
168
168
168
168
170
170
170
170
170
170
170
171
172
172
172
172
172
172
172
173
174
174
174
174
174
175
175
175
175
175
175
175
175
175
176
176
176
176
176
176
176
176
176
176
176
176
176
176
177
177
177
178
178
179
179
179
179
180
180
180
180
180
180
180
180
180
180
180
181
181
182
182
182
182
182
183
183
183
183
183
183
183
183
184
184
184
185
185
185
186
186
186
186
186
186
187
187
187
189
190
190
190
190
190
190
190
190
190
190
190
190
190
190
190
192
192
192
192
192
192
192
192
192
192
192
192
192
192
192
192
192
192
192
192
192
192
192
192
192
192
192
192
192
192
192
192
192
192
192
192
192
192
192
192
192
192
192
192
192
192
192
192
192
192
192
192
192
192
192
192
192
192
192
192
192
192
192
192
192
192
192
192
192
192
192
192
192
192
192
192
192
192
192
192
192
192
192
192
192
192
192
192
192
192
192
192
192
192
192
192
192
192
192
192
192
192
192
192
192
192
192
192
192
192
192
192
192
192
192
192
192
192
192
192
192
192
192
192
192
192
192
192
192
192
192
192
192
192
192
192
192
192
192
192
192
192
192
192
192
192
192
192
192
192
192
192
192
192
192
192
192
192
192
192
192
192
192
192
192
192
192
192
192
192
192
192
192
192
192
192
192
192
192
192
192
192
192
192
192
192
192
192
192
192
192
192
192
192
192
192
192
192
192
192
192
193
194
194
194
195
195
195
195
195
195
195
195
195
195
195
195
196
196
196
196
196
196
196
196
196
196
196
196
196
196
196
197
197
197
197
197
197
197
197
198
198
198
198
198
198
198
199
200
