0
0
0
0
0
0
0
0
0
0
0
0
0
0
0
0
0
0
0
0
0
0
0
0
0
0
0
0
0
0
0
0
0
0
0
0
0
0
0
0
0
0
1
1
2
3
3
4
4
4
4
4
4
5
7
7
7
7
7
7
8
8
8
8
8
8
8
8
8
8
8
8
8
10
10
10
11
11
12
13
13
13
13
13
13
13
13
13
13
13
13
15
15
15
15
15
15
15
15
16
16
16
16
18
20
21
21
21
21
22
23
23
23
24
25
25
25
25
25
25
25
26
26
27
27
27
27
27
27
29
30
31
31
31
31
31
31
31
32
32
32
32
33
33
33
34
35
35
35
35
36
36
36
36
36
36
37
37
37
37
37
37
37
38
39
39
39
39
39
39
39
40
41
41
41
41
41
42
42
42
42
43
43
43
44
44
45
46
46
46
46
46
46
46
46
47
48
48
48
48
48
48
48
48
49
49
51
53
53
55
57
57
58
59
59
60
60
60
60
62
62
62
62
63
63
63
63
63
63
63
63
63
63
63
63
63
63
63
64
64
64
64
64
64
64
64
64
64
64
64
64
64
64
64
64
64
64
64
64
64
64
64
64
64
64
64
64
64
64
64
64
64
64
64
64
64
64
64
64
64
64
64
64
64
64
64
64
64
64
64
64
64
64
64
64
64
64
64
64
64
64
64
64
64
64
64
64
64
64
64
64
64
64
64
64
64
64
64
64
64
64
64
64
64
64
64
64
64
64
64
64
64
64
65
65
65
65
65
65
65
65
65
65
65
65
65
65
65
65
65
65
65
65
65
65
65
65
65
65
65
65
65
65
65
65
65
65
65
65
65
65
65
65
65
65
65
65
65
65
65
65
65
65
65
65
65
65
65
65
65
65
65
65
65
65
66
66
66
66
66
66
66
66
66
66
66
66
67
67
67
68
69
70
70
70
70
71
72
75
77
80
80
80
80
80
80
80
80
80
80
81
82
82
82
82
83
83
85
87
88
89
89
90
90
90
90
93
94
94
95
95
95
95
96
98
98
98
99
99
101
101
103
104
105
106
106
107
108
109
111
111
111
111
111
111
111
113
113
113
113
114
114
116
117
117
117
117
117
118
118
118
118
118
118
119
121
122
122
123
123
123
124
125
125
125
126
128
129
129
130
133
133
134
134
134
135
136
136
136
136
136
137
137
137
137
138
138
138
138
138
138
138
138
138
138
138
138
138
139
140
140
140
140
140
140
140
140
140
140
140
140
140
140
140
140
140
140
140
140
140
140
140
140
140
140
140
140
140
140
140
140
140
140
140
140
140
140
140
140
141
141
141
141
141
141
141
141
141
141
141
141
141
141
141
141
141
141
141
141
141
141
141
141
142
142
142
142
142
142
142
143
144
144
144
144
144
144
144
144
144
147
148
148
148
148
148
148
148
150
152
152
152
152
152
153
153
153
153
153
153
153
154
156
156
156
156
156
156
156
156
156
156
156
156
156
157
158
158
158
159
159
159
159
159
159
159
159
159
159
159
159
159
159
159
159
159
159
159
159
159
159
159
160
160
160
161
161
161
161
161
163
163
164
164
164
164
164
165
165
165
165
166
166
166
166
166
166
167
167
167
167
168
168
168
169
169
169
170
170
170
171
171
172
172
172
173
174
174
175
175
175
177
177
177
177
177
177
178
179
179
179
179
180
180
180
180
181
181
181
182
182
182
183
183
183
183
183
184
185
186
186
186
187
187
188
189
190
191
191
191
191
191
191
192
193
193
193
193
193
193
194
195
195
195
195
195
195
195
195
195
195
195
195
195
195
195
195
195
195
195
195
195
195
195
195
195
195
195
195
195
195
195
195
195
195
195
195
195
195
195
195
195
195
195
195
195
195
195
195
195
195
195
195
195
195
195
195
195
195
195
195
195
196
196
196
196
196
196
196
196
196
196
196
196
196
196
196
196
196
196
196
196
196
196
196
197
197
197
197
197
198
198
198
198
198
199
199
199
199
199
199
199
199
199
199
199
199
199
199
199
199
200
