0
0
1
1
1
1
1
1
1
1
1
1
1
1
1
1
1
1
1
1
1
1
1
1
1
1
1
1
1
1
1
1
1
1
1
1
1
1
1
1
1
1
1
1
1
1
1
1
1
1
1
1
1
1
1
1
2
2
2
2
2
3
3
3
3
3
3
3
3
3
4
4
4
4
4
4
4
4
4
5
5
5
6
6
6
7
7
7
8
8
8
8
8
8
8
8
9
9
9
9
9
9
9
9
10
10
10
10
10
10
10
10
10
10
10
10
10
11
12
12
13
13
13
13
13
13
13
13
13
13
13
13
13
13
13
13
13
13
13
13
13
13
13
13
13
13
13
13
13
13
13
14
14
14
14
14
14
14
14
14
14
14
14
14
14
14
14
14
14
14
14
15
16
16
16
16
16
16
16
16
16
16
16
16
16
16
16
16
16
16
16
16
16
16
16
16
16
16
16
16
16
16
16
17
18
19
19
19
19
19
19
19
19
19
19
19
20
21
21
21
21
21
22
22
22
22
22
22
22
23
26
27
28
28
28
29
31
31
32
32
32
33
34
34
34
36
36
37
38
39
42
44
45
46
46
48
48
49
50
51
51
53
54
56
58
59
60
61
61
61
62
64
65
66
67
67
68
69
70
71
73
75
77
77
78
81
82
82
82
83
83
85
85
85
86
88
89
89
92
94
94
94
94
97
99
100
101
105
108
109
109
111
112
112
112
112
114
115
116
117
118
118
118
119
120
121
123
124
124
124
125
126
127
128
128
129
131
132
133
133
133
134
134
134
134
135
135
136
136
136
136
138
142
142
144
144
144
146
147
147
147
147
147
147
148
149
149
150
150
150
151
151
152
152
152
152
152
152
153
154
156
157
157
158
159
159
159
159
159
160
160
160
161
162
163
163
164
164
164
164
164
164
164
165
165
165
165
167
168
170
171
172
173
173
173
175
175
175
175
175
175
175
176
177
177
178
178
178
178
178
178
178
179
179
179
179
179
180
180
180
180
180
180
180
180
180
181
181
181
181
181
182
182
182
182
182
182
182
182
183
185
185
185
186
186
186
186
187
187
187
187
187
187
187
188
188
188
188
188
188
188
188
188
189
189
189
189
189
189
189
189
189
189
189
189
189
189
190
190
191
191
191
191
191
191
191
191
191
191
192
192
192
192
192
192
192
192
192
192
192
192
192
193
193
193
193
193
193
194
194
194
194
194
194
194
194
194
194
194
194
194
194
195
195
195
195
195
195
195
195
195
195
195
195
195
196
196
196
196
196
196
196
196
197
197
197
197
197
197
197
197
197
197
197
197
197
197
197
197
197
198
198
198
198
198
198
198
198
198
199
199
199
199
199
199
199
199
199
199
199
199
199
199
199
199
199
199
199
199
199
199
199
199
199
199
199
199
200
