0
0
0
0
0
0
0
0
0
0
0
0
0
0
0
0
0
0
0
0
0
0
0
0
0
0
0
0
0
1
1
1
1
1
1
1
1
1
1
1
1
2
2
2
2
2
2
2
2
2
2
2
3
3
3
3
3
3
4
4
4
4
4
4
4
4
4
4
4
4
4
4
5
5
5
5
5
5
5
5
5
6
6
6
6
6
6
6
6
6
6
6
6
6
6
6
6
6
6
6
6
6
6
6
6
7
7
7
7
8
8
9
9
10
10
10
10
10
10
10
10
10
10
10
10
10
10
10
10
10
10
10
11
11
11
11
11
11
11
12
12
12
12
12
12
12
12
12
12
12
12
12
12
12
12
13
13
14
14
14
14
14
15
15
15
15
15
16
16
16
16
16
16
16
16
16
16
16
16
16
16
16
16
17
17
18
18
18
18
19
19
19
19
19
19
19
19
19
19
19
19
19
20
21
23
23
24
24
25
25
25
26
26
28
29
29
31
33
36
37
39
39
39
39
39
41
41
41
41
43
44
44
44
45
46
50
51
52
52
53
54
54
57
59
60
62
63
64
65
68
70
71
73
74
75
76
79
79
80
81
86
86
88
88
90
91
91
92
92
94
95
96
96
97
97
98
99
100
102
105
105
108
110
112
114
115
117
117
118
118
118
119
121
122
124
124
124
124
125
126
129
129
129
129
132
132
133
134
135
135
136
138
139
140
142
143
145
145
147
148
151
152
152
152
155
155
155
156
157
159
161
161
163
163
163
163
165
165
165
168
169
169
169
170
171
171
171
172
174
177
178
179
180
180
180
183
184
184
185
186
186
186
186
187
187
188
189
190
191
191
191
191
191
191
192
193
193
194
194
196
196
196
196
196
196
196
196
196
197
198
198
198
198
198
198
198
199
199
199
199
199
199
199
199
199
199
199
199
199
199
199
199
199
199
199
199
199
199
199
199
199
199
199
199
199
199
199
199
199
199
199
199
199
199
199
200
