0
0
0
0
0
0
0
0
0
0
0
0
0
0
0
0
0
0
0
0
0
0
0
1
1
1
1
1
1
1
1
1
1
1
1
1
1
1
1
1
1
1
1
1
1
1
1
1
1
1
1
1
1
1
1
1
1
1
1
1
1
1
1
1
1
1
1
1
1
1
1
1
1
1
2
2
3
5
5
5
5
5
5
5
5
5
5
5
5
5
5
6
6
6
6
6
6
6
6
6
6
6
7
7
7
7
7
7
7
7
7
7
7
7
7
7
7
7
7
7
7
8
8
8
8
8
8
8
8
8
8
8
9
9
9
10
10
10
11
11
11
12
13
13
13
13
13
13
13
13
13
13
13
13
13
13
14
14
14
14
14
14
14
14
14
14
14
16
16
16
16
16
16
16
16
16
16
16
16
16
16
16
16
16
16
17
17
17
18
19
20
20
20
20
21
21
21
21
21
22
22
23
23
24
24
24
25
25
26
26
27
28
28
29
29
29
29
29
29
29
30
30
30
30
30
30
30
30
31
32
32
34
35
35
35
36
36
37
37
38
38
39
40
40
41
41
41
41
43
44
44
45
46
46
46
47
48
49
49
50
50
51
52
53
54
55
57
59
60
60
60
61
62
63
65
66
66
67
67
68
70
72
72
72
73
75
76
76
78
79
79
80
81
82
82
83
85
85
87
88
91
92
92
92
92
92
94
95
96
97
98
98
98
98
98
99
100
100
100
100
100
100
101
101
101
101
103
103
103
104
104
104
104
105
105
105
106
107
108
110
110
111
112
113
113
113
114
115
116
116
116
116
116
118
120
120
120
121
121
122
122
122
122
122
123
124
124
124
125
125
128
128
128
128
128
130
130
130
130
130
131
131
132
134
135
135
138
138
138
138
138
140
141
142
142
143
143
144
145
148
148
148
150
152
152
152
153
155
155
156
156
156
156
156
156
157
158
159
159
159
160
160
161
161
161
161
161
162
162
162
162
165
167
167
167
168
168
169
169
169
170
172
172
173
173
173
173
173
174
174
174
175
176
176
176
176
176
176
176
176
176
176
176
176
177
178
180
181
181
183
184
185
185
185
185
186
186
186
186
186
186
186
186
186
187
188
188
188
189
189
189
189
189
189
189
190
190
190
190
190
190
190
190
190
190
190
191
191
191
191
191
191
191
191
191
191
191
191
191
191
191
192
192
192
193
193
193
193
193
193
194
194
194
194
194
194
195
195
195
195
195
196
196
196
196
197
197
197
197
197
197
197
197
197
197
197
197
197
197
197
198
198
198
198
198
198
198
198
198
198
198
198
198
198
198
198
198
198
198
198
198
198
198
198
198
198
198
198
198
198
198
198
198
198
198
198
198
198
198
198
198
198
198
198
198
198
199
199
199
199
199
199
199
199
199
199
199
199
199
199
200
