0
0
0
0
0
0
0
0
0
0
0
0
0
0
0
0
0
0
0
0
0
0
0
0
0
0
0
0
0
0
0
0
0
0
0
0
0
0
0
0
0
0
0
0
0
0
0
0
0
0
0
0
0
0
0
0
0
0
1
1
1
1
1
1
1
1
1
1
1
1
1
1
1
1
1
1
2
2
2
2
2
2
2
2
2
2
2
2
3
3
3
3
3
3
3
3
3
3
3
3
3
4
4
4
4
4
4
4
4
4
4
5
5
5
5
5
5
5
5
5
5
5
5
5
5
5
5
5
5
5
5
5
6
6
6
6
6
6
6
6
6
6
7
7
7
7
7
7
7
7
7
7
7
7
7
7
7
7
7
7
8
8
8
8
9
9
9
10
10
10
10
10
10
10
10
10
10
10
10
10
10
10
10
10
10
10
10
10
10
10
10
10
10
10
11
11
11
11
11
11
11
11
11
11
11
11
11
11
11
11
11
12
13
14
14
14
14
14
14
14
14
14
14
14
14
14
15
15
15
15
16
16
17
17
17
18
18
18
18
19
19
19
19
20
20
20
20
20
20
20
21
21
21
21
21
21
21
21
21
22
23
23
23
23
23
23
23
24
24
24
24
24
25
26
27
28
28
28
28
28
29
29
29
29
29
30
31
31
31
32
32
32
32
32
32
32
32
32
32
33
33
33
33
34
36
37
37
37
37
38
38
40
40
40
41
42
42
42
42
44
45
45
45
46
47
47
49
49
49
49
49
49
49
49
49
51
51
52
53
53
53
53
54
54
54
55
56
57
57
58
59
59
60
60
60
60
61
61
61
61
61
61
62
62
62
62
62
62
62
64
64
65
66
67
68
69
70
71
71
71
71
72
72
72
75
77
78
78
78
78
78
79
79
79
79
81
81
83
85
86
86
86
87
88
89
89
89
90
90
92
93
93
93
94
95
96
98
99
100
100
101
102
104
104
104
104
104
104
104
105
106
106
106
107
108
108
108
108
108
108
108
109
109
109
109
109
109
109
109
109
109
109
109
109
109
109
109
109
109
109
109
109
109
109
110
110
111
111
112
112
112
112
112
112
112
113
113
113
113
113
113
113
113
113
114
115
115
116
116
116
118
118
118
118
118
119
119
119
120
120
120
120
120
120
121
121
122
122
122
122
122
123
123
124
125
125
125
125
125
125
125
125
125
125
125
125
125
125
125
126
127
128
129
130
131
131
132
132
132
132
132
132
132
132
132
132
132
132
132
132
132
132
132
132
132
132
133
134
134
135
135
135
135
135
135
135
135
135
135
135
135
135
135
135
135
135
135
135
136
137
138
140
140
140
140
140
141
143
143
143
143
143
144
144
144
144
144
144
144
146
146
146
147
147
147
147
148
149
149
150
150
150
150
150
151
151
153
154
154
154
154
154
154
154
154
155
155
155
156
156
157
158
158
158
158
158
158
159
160
161
161
161
162
162
162
162
163
163
163
163
163
163
163
164
164
164
164
164
165
165
165
165
165
166
166
166
167
167
167
167
167
167
167
167
167
167
167
167
167
167
167
167
167
167
167
167
167
167
167
167
167
167
167
167
167
167
167
167
167
167
167
168
168
168
168
169
170
170
170
171
171
171
171
172
172
172
173
173
173
174
174
174
174
174
174
174
174
174
175
175
175
175
175
175
175
175
175
175
176
177
177
177
177
177
177
177
177
177
177
177
177
177
177
177
177
177
177
177
177
178
178
178
178
178
178
178
178
178
178
178
178
178
178
178
178
179
179
179
179
180
180
180
180
180
181
181
181
181
181
183
183
183
183
183
183
183
183
183
184
184
184
185
185
185
185
185
185
186
186
186
186
186
186
186
186
186
186
186
186
186
186
186
186
186
186
186
186
187
187
187
187
187
187
187
187
187
187
188
188
188
188
188
188
188
188
189
189
190
190
190
190
190
190
190
190
191
191
191
191
191
191
192
192
192
192
192
192
192
192
193
193
193
193
193
193
193
193
193
193
193
193
193
193
193
193
193
193
193
193
193
194
194
194
194
194
194
194
194
194
194
194
194
194
194
195
195
195
195
195
195
195
195
195
195
195
195
195
195
195
195
195
195
195
195
195
195
195
195
195
195
195
195
195
195
195
195
195
195
195
195
195
195
195
195
195
195
195
195
195
195
195
195
195
195
195
195
195
195
195
195
195
195
195
195
195
195
195
195
195
195
195
195
195
195
195
195
195
195
195
195
195
195
195
195
195
195
196
196
196
197
197
197
197
197
197
197
197
197
197
198
198
198
198
198
198
198
198
198
198
198
199
199
199
199
199
199
199
199
199
199
199
199
199
199
199
199
199
199
199
199
199
199
199
199
199
199
199
199
199
199
199
199
199
199
199
199
199
199
199
199
199
199
199
199
199
199
199
199
199
199
199
199
199
199
199
199
199
199
199
199
199
199
199
199
199
199
199
199
199
199
199
199
199
199
199
199
199
199
199
199
199
199
199
199
199
199
199
200
