0
0
0
0
0
0
0
0
0
0
0
0
0
0
0
0
0
0
0
0
0
0
0
0
0
0
0
0
0
0
0
0
0
0
0
0
0
0
0
0
0
0
1
1
1
1
2
3
3
3
3
3
3
3
4
4
4
4
4
4
4
4
4
4
4
4
4
4
4
4
4
4
4
5
5
5
5
5
5
5
5
5
5
5
5
5
5
5
5
5
5
5
5
5
5
6
6
6
6
6
6
6
6
7
7
7
8
9
9
10
10
10
10
10
10
11
11
11
12
13
13
13
14
14
14
14
14
14
14
14
14
14
14
15
15
15
15
15
15
16
16
17
18
18
18
18
18
18
19
19
19
19
20
20
20
20
21
21
21
21
23
25
26
26
26
26
26
26
26
26
27
27
27
27
28
28
28
29
30
30
30
30
31
31
31
32
33
33
35
36
36
36
37
37
37
37
37
37
37
37
37
37
37
37
38
38
39
40
43
44
45
45
45
46
47
47
47
47
47
47
48
48
48
49
49
49
49
49
49
49
49
49
49
49
49
49
49
49
49
49
49
49
49
49
49
49
49
49
49
49
49
49
49
49
49
49
49
49
49
49
49
49
49
49
49
49
49
49
49
49
49
49
49
49
49
49
49
49
49
49
49
49
49
49
49
49
49
49
49
49
49
49
49
49
49
49
49
49
49
49
49
49
49
49
49
49
50
50
50
50
50
50
50
50
50
50
50
50
50
50
50
50
50
50
50
50
50
50
50
50
50
50
50
50
50
50
50
50
50
50
50
50
50
50
50
50
50
50
50
51
51
51
51
51
51
51
51
51
51
51
51
51
51
51
51
51
51
51
51
51
51
51
51
51
51
51
51
52
52
52
52
52
52
52
53
53
53
53
53
53
53
53
53
53
53
53
53
53
53
53
54
54
54
57
57
58
58
59
60
61
62
62
62
62
63
64
66
67
69
71
71
71
72
73
74
74
74
75
75
75
75
75
78
80
82
84
85
85
87
89
90
90
92
92
93
94
94
96
96
97
98
98
98
99
99
101
101
102
103
103
106
107
108
110
110
110
111
111
111
111
112
113
113
113
113
113
113
115
115
115
116
116
117
118
119
119
120
121
121
121
121
121
121
121
122
122
123
123
124
125
125
125
126
126
127
128
129
129
129
130
131
132
133
134
135
136
137
137
138
139
139
139
139
139
140
140
140
140
140
140
141
141
141
141
141
142
142
142
142
142
142
142
142
142
142
142
143
143
143
143
143
145
145
146
146
146
146
146
146
146
147
148
149
150
150
150
150
150
150
151
152
152
152
152
152
153
154
154
154
154
155
155
155
155
155
156
157
157
157
158
158
159
159
159
160
160
160
160
160
160
160
160
161
162
162
164
165
165
166
166
166
166
166
166
166
167
168
168
168
169
169
169
169
169
169
169
169
169
169
169
169
169
169
169
169
169
169
170
171
171
172
172
173
173
173
173
173
174
174
175
175
177
177
177
178
179
179
179
179
179
179
179
179
181
183
184
184
184
184
184
184
184
184
185
185
185
185
186
186
187
188
188
188
188
188
188
188
189
191
191
192
192
192
192
192
192
192
192
192
192
192
192
192
192
193
193
194
194
194
194
194
195
195
195
196
196
196
196
197
198
198
198
198
198
198
198
198
198
198
198
198
198
198
198
198
199
199
199
199
199
199
199
199
199
200
