0
0
0
0
0
0
0
0
0
0
0
0
0
0
0
0
0
0
0
0
0
0
0
0
0
0
0
0
0
0
0
0
0
1
1
1
1
1
1
1
1
1
1
1
1
1
1
1
1
1
1
1
1
1
1
1
1
1
1
1
1
1
1
2
2
2
2
2
2
2
2
2
2
2
2
2
2
2
2
2
2
2
2
2
2
2
2
2
2
2
2
2
2
2
2
2
2
2
2
2
2
2
2
2
2
2
3
3
3
3
3
3
4
4
4
4
4
4
5
5
6
6
6
6
6
6
6
6
6
6
6
6
6
6
6
6
6
6
6
7
7
7
8
8
9
10
10
10
11
11
11
12
13
13
13
13
13
13
13
14
15
15
15
16
16
16
16
16
17
18
18
18
18
18
18
19
19
19
19
19
19
19
19
19
19
19
19
19
19
20
20
20
20
22
22
22
23
24
24
24
25
25
25
25
25
25
26
28
28
29
30
30
30
32
33
33
33
34
34
35
36
36
36
36
37
37
37
38
38
39
42
44
44
45
46
47
48
49
53
55
55
55
55
57
57
59
62
65
65
66
67
67
68
68
69
69
71
73
74
75
77
78
78
79
79
79
80
82
83
83
83
85
86
86
86
87
88
89
90
90
92
94
95
96
96
96
96
97
99
101
102
103
104
104
106
109
110
111
112
112
113
113
113
113
113
114
115
116
116
117
120
121
122
123
124
124
125
125
125
126
127
128
131
131
131
133
133
133
133
135
136
137
137
137
137
137
138
139
139
140
143
144
144
145
146
147
149
150
151
151
151
153
154
155
156
156
156
156
156
158
159
159
159
160
160
160
161
161
162
162
162
162
163
163
163
164
164
164
164
167
168
168
169
169
169
169
169
169
170
170
170
171
171
171
171
172
172
173
173
173
174
174
174
174
174
174
174
174
174
174
175
176
176
177
177
178
178
179
179
180
180
182
182
182
183
184
184
184
184
184
184
184
184
184
184
184
185
185
187
187
187
189
189
189
189
189
189
189
189
189
191
191
191
191
191
191
192
192
192
193
193
193
193
193
193
193
193
193
193
194
194
194
194
194
194
194
194
194
194
194
194
194
194
194
194
194
195
196
196
196
196
196
196
196
196
196
196
196
196
196
196
196
196
196
196
196
196
196
196
196
196
196
196
196
196
196
196
196
196
196
196
196
196
196
196
196
196
196
196
196
196
196
196
196
196
196
196
196
196
196
196
197
197
197
197
197
197
197
197
198
198
198
198
199
199
199
199
200
