0
0
0
0
0
0
0
0
0
0
0
0
0
0
0
0
0
0
0
0
0
0
0
0
0
0
0
0
0
0
0
0
1
1
1
1
1
1
1
1
1
1
1
1
1
2
2
2
2
2
2
2
2
2
2
2
2
2
2
2
2
2
2
2
2
2
2
2
2
2
2
2
2
3
4
6
6
6
6
6
6
6
6
6
6
6
6
6
6
7
7
7
8
8
8
9
9
9
9
9
11
11
11
11
13
14
15
15
15
15
16
17
17
17
17
18
18
18
18
18
18
18
19
20
20
20
20
20
21
21
21
21
21
21
21
21
21
22
22
22
22
22
22
22
22
22
22
22
22
22
23
23
23
24
24
24
25
26
26
26
26
26
26
26
26
27
27
27
27
27
27
28
28
29
29
30
31
32
33
33
33
33
33
33
34
35
35
35
35
35
35
35
36
36
36
37
37
38
39
39
39
39
39
39
39
39
39
39
39
39
41
41
42
43
43
43
43
43
43
43
43
44
44
44
44
44
44
44
44
44
44
44
44
45
45
45
45
45
45
45
45
45
45
45
45
45
45
45
45
45
45
45
45
45
45
45
45
45
45
45
45
45
45
45
45
45
45
45
45
45
45
45
45
45
45
45
45
45
45
45
45
45
45
45
45
45
45
45
45
45
45
45
45
45
45
45
45
45
45
45
45
45
45
45
45
45
45
45
45
45
45
45
45
45
45
45
45
45
45
45
45
45
45
45
45
45
45
45
45
45
45
45
45
45
45
45
45
45
45
45
45
46
46
46
46
46
46
46
47
47
47
47
47
47
47
47
47
47
47
47
47
47
47
47
47
47
47
47
47
47
47
47
47
47
47
47
47
47
47
47
47
47
47
47
47
47
47
47
47
47
47
47
47
47
47
47
47
47
47
47
47
47
47
47
48
49
52
52
53
54
56
57
58
59
60
60
61
62
63
63
64
65
66
68
68
69
69
69
70
71
72
72
73
73
73
75
77
78
78
79
79
79
81
81
81
81
82
82
83
83
84
85
86
87
87
87
87
87
88
89
90
91
92
92
92
93
94
95
95
97
97
98
99
99
102
102
103
104
106
107
107
108
108
108
108
109
109
109
110
111
111
113
113
113
113
116
118
119
120
120
121
122
123
123
123
123
123
123
124
124
125
126
126
128
129
129
129
130
130
130
131
133
134
135
135
136
136
137
137
139
140
140
140
140
140
141
141
141
142
142
142
142
144
145
146
146
146
146
147
147
147
147
148
148
149
150
151
152
153
153
154
154
155
155
155
156
156
156
156
156
157
157
157
157
157
158
158
159
159
159
160
160
162
163
163
163
164
165
165
165
166
166
166
168
170
170
170
170
171
171
171
172
173
174
174
174
175
175
175
175
176
176
176
176
177
177
177
179
179
179
179
179
179
179
179
179
179
180
181
181
181
181
181
181
181
181
181
181
182
182
182
182
182
183
183
183
184
185
185
185
185
185
185
185
185
185
186
187
187
187
187
187
187
187
187
187
187
188
189
189
190
190
190
191
192
192
192
192
192
192
193
196
196
196
197
198
198
198
199
199
199
200
200
200
201
201
201
202
202
202
202
202
202
202
202
202
203
203
203
203
203
203
203
203
203
203
204
204
204
204
205
205
206
206
207
207
208
208
208
208
208
208
209
209
209
209
209
209
209
209
209
209
209
209
209
209
209
209
209
210
211
211
211
211
211
211
211
212
212
213
214
214
214
215
215
216
216
217
218
218
219
221
221
222
222
222
223
225
225
226
226
226
227
227
228
228
229
229
229
230
230
230
230
230
230
230
230
230
230
230
230
231
231
231
231
231
231
231
231
231
231
231
232
233
233
233
233
233
233
233
233
233
233
233
233
233
233
233
233
233
233
233
233
233
233
233
233
233
233
233
233
233
233
233
233
233
233
233
233
233
233
233
233
234
235
235
235
235
235
235
235
235
235
235
235
235
235
235
236
236
236
236
236
236
236
236
236
236
236
236
236
236
236
237
237
237
237
237
238
238
238
238
238
238
238
239
239
239
239
239
239
239
239
239
239
239
239
239
239
239
239
239
239
240
240
241
241
241
241
241
241
241
242
242
242
242
242
242
242
242
242
242
242
242
242
242
242
242
242
242
242
242
242
242
242
242
242
242
242
242
242
243
243
243
244
244
244
244
244
244
244
244
244
244
244
244
244
244
244
244
244
244
244
244
244
244
244
244
244
244
244
244
244
244
244
244
244
244
244
244
244
244
244
244
245
245
245
245
245
245
245
245
245
245
245
245
245
245
245
245
245
245
245
245
245
246
246
246
246
246
246
246
246
246
246
246
246
246
246
246
246
246
246
247
247
247
247
247
247
247
247
247
247
247
247
247
247
247
247
247
247
247
247
247
247
247
247
247
247
247
247
247
247
247
247
247
248
248
248
248
248
248
248
248
248
248
248
248
248
248
248
248
248
248
248
248
248
248
248
248
248
248
248
248
248
248
248
248
248
248
248
248
248
248
248
248
248
248
248
248
248
248
248
248
249
249
249
249
250
