0
0
0
0
0
0
0
0
0
0
0
0
0
0
0
0
0
0
0
0
0
0
0
0
0
0
0
0
0
0
0
0
0
0
0
0
0
0
0
0
0
0
0
0
0
0
0
0
0
0
0
0
0
0
0
0
0
0
0
0
0
0
0
0
0
0
0
0
0
0
0
0
0
0
0
0
0
0
0
0
0
0
0
0
0
0
0
0
1
1
3
3
3
3
3
3
3
3
3
3
3
3
3
3
3
3
3
3
3
3
3
3
3
3
3
3
3
3
3
3
3
3
3
3
3
3
3
3
3
3
4
4
4
4
4
4
4
4
4
4
4
4
4
4
4
4
4
4
4
5
5
5
5
5
6
6
6
6
6
6
6
6
6
6
7
8
8
8
8
8
8
8
9
10
10
10
10
10
11
11
11
11
11
11
11
12
12
12
12
12
13
13
13
13
13
13
13
13
13
13
13
13
13
15
16
16
16
17
17
18
18
18
18
18
18
18
18
19
19
19
19
19
19
19
19
19
19
19
19
20
20
20
20
20
20
21
21
22
22
22
22
22
22
22
22
22
22
22
22
22
22
22
22
22
22
22
22
22
22
22
23
23
23
24
24
25
25
25
26
26
26
26
26
26
26
26
27
27
27
27
27
27
27
28
28
28
28
29
30
30
31
31
31
31
31
33
34
34
34
35
35
36
36
37
37
37
37
38
38
38
40
40
42
42
42
43
44
44
44
45
46
46
47
48
48
48
49
51
53
54
54
54
54
55
55
56
56
56
56
57
57
57
57
58
60
63
64
64
64
65
66
66
66
67
67
67
68
70
71
71
72
72
72
73
73
73
74
75
75
75
75
75
75
75
75
75
75
75
75
75
76
77
77
77
77
77
77
77
77
77
77
77
77
77
77
77
77
78
80
80
80
80
80
81
81
81
81
81
81
82
82
82
82
82
82
82
82
82
82
82
82
82
83
84
84
84
84
84
85
85
85
85
85
86
87
87
87
87
87
87
87
87
88
88
88
88
88
89
90
90
90
90
91
91
91
91
91
91
91
91
91
91
91
92
92
92
92
92
92
93
94
94
94
94
95
95
95
96
96
96
96
96
96
96
96
97
98
98
98
98
98
99
100
100
100
100
101
101
101
101
101
101
101
101
101
101
101
101
101
101
101
101
101
101
101
101
101
101
102
102
102
103
103
103
103
104
106
106
106
106
106
106
106
106
106
106
107
107
107
107
107
107
107
107
107
107
107
107
107
107
107
107
107
107
107
107
107
107
107
107
107
107
107
107
107
107
107
107
107
107
107
107
107
108
108
109
110
111
111
111
111
111
111
112
113
113
113
114
114
114
114
114
114
114
114
114
114
114
114
114
114
115
116
116
116
116
116
116
116
117
117
118
119
119
119
119
119
119
119
119
119
119
119
119
120
120
120
121
121
121
123
124
124
125
126
127
128
129
130
131
131
131
131
132
132
132
132
132
132
132
133
134
135
135
136
136
136
136
136
136
136
136
137
137
137
137
138
138
139
139
139
139
140
140
140
141
143
144
144
144
145
145
145
145
145
145
145
145
145
146
146
146
146
147
147
147
147
147
149
149
149
150
150
150
151
152
153
154
154
154
154
154
154
154
154
154
154
154
154
154
154
154
154
154
154
154
155
155
156
156
157
157
157
157
158
158
158
158
159
159
159
159
159
159
159
159
160
160
160
160
160
160
160
160
160
160
161
161
161
161
161
161
161
161
161
162
163
163
164
164
165
165
165
165
165
165
165
166
166
166
166
166
167
167
167
167
167
167
167
167
167
168
168
168
168
168
168
169
169
170
170
170
171
172
173
174
174
174
174
174
175
176
177
177
177
177
177
177
177
177
177
177
177
177
177
177
178
179
179
180
180
180
180
180
180
182
183
184
184
184
184
185
185
185
185
185
185
185
185
185
185
185
185
185
185
185
185
185
185
185
185
185
186
186
186
186
186
186
186
186
186
186
186
186
186
186
187
187
187
188
188
189
189
190
191
192
192
192
192
192
193
193
194
195
195
195
196
196
196
196
197
197
197
197
197
197
197
197
197
197
197
197
197
197
197
197
197
197
197
197
197
197
197
197
197
198
198
198
198
198
198
198
198
198
198
198
198
198
198
198
198
198
198
198
198
198
198
198
198
198
198
198
198
198
198
198
198
198
198
198
198
198
198
198
200
200
200
200
200
200
200
200
201
201
202
203
203
203
203
203
203
203
203
203
203
203
203
203
203
204
204
204
204
204
204
206
207
207
207
207
207
207
207
207
207
207
207
207
207
207
207
207
207
207
207
207
207
207
207
207
207
207
207
208
208
208
208
208
208
209
210
211
211
211
211
211
211
211
211
212
212
213
214
214
214
214
215
215
215
215
215
215
215
215
215
215
215
215
215
215
215
215
215
215
215
215
215
215
215
215
215
215
215
215
215
215
215
215
215
215
215
215
215
215
215
215
215
215
215
215
215
215
215
215
215
215
215
215
216
216
216
216
216
216
216
216
217
217
217
217
217
217
217
217
217
217
217
217
217
217
217
217
217
217
217
217
217
217
217
217
217
217
217
217
217
217
217
217
217
217
217
217
217
218
218
218
218
218
218
218
218
218
218
218
218
218
218
218
218
218
218
218
218
218
218
218
218
218
218
218
218
218
219
219
219
219
219
219
219
219
219
219
220
220
220
220
220
220
220
220
222
222
222
222
223
223
223
223
224
224
224
224
224
225
226
226
226
226
226
226
226
226
226
226
226
226
226
226
226
226
226
226
226
226
226
226
226
226
226
227
227
227
227
227
227
227
228
228
228
229
229
229
230
230
230
230
230
230
230
230
230
230
230
230
230
230
230
231
231
231
231
232
233
233
234
234
234
234
234
234
234
234
234
234
234
234
234
234
234
234
234
234
234
234
234
234
234
234
234
234
234
235
235
235
235
235
235
235
235
235
235
235
235
235
235
235
235
235
235
235
235
235
235
235
235
235
236
236
236
236
236
236
236
236
236
236
236
236
236
236
236
236
236
236
236
236
236
236
236
236
236
236
236
236
236
236
236
236
236
236
236
236
236
236
236
236
236
236
236
236
236
236
236
236
236
236
238
238
238
238
238
238
238
238
238
238
238
238
238
238
238
238
238
238
238
238
238
238
238
238
238
238
238
238
238
238
238
238
238
238
238
238
238
238
238
238
238
238
238
238
238
239
239
239
239
239
239
239
239
239
239
239
239
239
240
240
240
240
240
240
240
240
240
240
240
240
240
240
241
241
241
241
241
241
241
241
241
241
241
241
241
241
241
241
242
242
242
242
242
242
242
242
242
242
242
242
242
242
242
242
242
242
243
243
243
243
243
243
243
243
243
243
243
244
244
244
244
244
244
244
244
244
244
245
245
245
245
245
246
246
246
246
246
246
246
246
246
246
246
246
246
246
246
246
246
246
246
246
246
246
246
246
246
246
246
246
246
246
246
246
246
246
246
247
247
247
247
247
247
247
248
248
248
248
248
249
249
249
249
249
249
249
249
249
249
249
249
249
249
249
249
249
249
249
249
249
249
249
249
249
249
249
249
249
249
249
249
249
249
249
249
249
249
249
249
249
249
249
249
249
249
249
249
249
250
