0
0
0
0
0
0
0
0
0
0
0
0
0
0
0
0
0
0
0
0
0
0
0
0
0
0
0
0
0
0
0
0
0
0
0
0
0
0
0
0
0
0
0
0
0
0
0
0
0
0
0
0
0
0
0
0
0
0
0
0
0
0
0
0
0
1
1
1
1
1
1
1
1
1
2
2
2
2
2
2
2
2
2
2
2
2
2
2
2
2
2
2
2
2
2
2
2
2
3
3
3
3
3
3
3
3
3
3
3
3
3
3
3
3
3
3
3
4
5
6
6
6
6
6
6
7
7
7
7
7
8
8
8
9
9
10
11
11
11
12
12
12
12
13
13
13
13
13
13
13
13
13
13
13
13
13
13
13
13
13
14
14
14
14
14
14
14
14
14
14
15
15
15
15
15
16
17
17
17
17
17
17
17
17
17
17
17
17
17
17
17
17
17
17
18
18
18
18
18
18
18
18
18
18
18
18
18
18
18
18
18
18
19
19
19
20
20
20
21
23
24
24
26
27
27
27
27
28
28
30
31
32
33
36
38
39
40
41
43
45
47
49
51
52
54
57
60
61
64
66
67
69
71
74
75
76
76
79
82
85
85
86
86
88
89
90
91
92
92
93
96
99
100
101
102
104
105
106
107
108
112
115
116
117
118
119
121
123
124
126
127
129
130
132
133
136
138
141
142
144
147
149
150
151
152
153
157
160
163
166
167
169
169
171
173
175
176
178
181
185
186
186
189
191
191
191
192
194
194
196
199
201
203
204
208
209
209
209
209
209
209
212
212
214
215
216
216
219
219
220
221
222
223
223
223
224
225
226
228
228
230
231
232
232
232
232
232
232
232
234
235
235
235
235
235
235
238
238
238
238
239
240
240
240
240
240
240
240
240
240
240
240
240
240
240
240
241
241
242
243
244
244
244
244
244
244
244
244
244
244
244
246
247
247
247
247
247
247
247
247
247
247
247
247
247
247
247
247
247
247
247
248
248
248
248
248
248
248
248
248
248
248
248
248
248
248
248
248
248
248
249
249
249
249
250
