0
0
0
0
0
0
0
0
0
0
0
0
0
0
0
0
0
0
0
0
0
0
0
0
0
0
0
0
0
0
0
0
0
0
0
0
0
0
0
0
0
0
0
0
0
0
0
0
0
0
0
0
0
0
0
0
0
0
0
0
0
0
0
0
0
0
0
1
1
1
1
2
2
2
2
2
2
2
2
2
2
2
2
2
2
2
2
2
2
2
2
2
2
2
2
2
2
2
2
2
2
2
2
2
3
3
3
3
4
5
5
6
7
7
7
7
7
7
7
7
7
7
7
7
7
8
8
8
8
8
8
8
8
8
8
8
8
8
8
8
8
8
8
8
8
8
8
8
8
9
9
9
9
9
9
9
9
9
9
9
10
10
10
10
10
10
10
10
10
10
11
11
12
12
12
12
12
12
12
13
14
14
14
14
14
14
14
14
14
14
14
14
14
14
14
14
14
14
14
14
14
14
14
14
14
14
14
14
14
15
15
15
15
15
15
16
16
17
17
17
18
18
18
18
18
19
19
21
21
21
22
22
22
23
24
26
28
29
29
31
32
32
36
37
39
39
41
42
43
44
45
47
48
49
50
50
51
52
55
56
57
58
58
58
60
62
63
64
66
67
68
69
70
70
70
70
72
72
72
74
74
74
74
74
75
77
77
77
78
78
79
80
81
82
85
85
86
86
87
90
90
91
94
94
94
94
94
95
97
97
97
98
99
99
99
99
100
103
105
106
107
108
108
109
109
109
110
110
110
111
112
113
114
115
115
118
118
118
119
120
122
122
122
124
125
127
127
128
131
131
131
132
133
135
136
136
137
138
140
141
141
142
142
143
144
146
146
146
146
147
147
148
148
149
149
151
151
152
152
152
154
156
156
157
157
158
159
160
161
162
162
163
165
166
167
168
168
168
169
172
173
174
174
175
177
179
179
179
181
181
181
181
181
181
181
181
181
181
183
183
185
185
185
187
187
189
190
190
190
191
191
192
194
195
195
196
196
196
197
199
199
199
200
200
200
201
201
201
201
201
201
202
203
203
204
205
205
205
205
206
206
206
207
208
208
209
211
211
212
213
213
214
214
214
214
214
214
214
214
214
214
214
214
214
215
215
215
217
217
217
217
217
218
218
218
219
219
219
219
219
219
220
221
221
221
222
222
222
223
223
223
223
223
223
223
223
223
224
224
224
224
224
226
226
226
226
226
226
226
226
226
226
226
227
227
227
227
227
228
228
228
228
229
229
229
229
229
230
230
231
231
231
231
231
232
232
232
232
232
232
232
233
233
233
233
234
234
234
234
234
235
235
235
235
235
235
235
235
235
236
236
236
236
236
236
236
236
236
236
236
236
236
236
236
236
236
236
236
236
236
236
236
236
236
236
236
236
236
237
237
237
237
237
237
238
238
238
238
238
238
238
239
239
239
239
239
239
239
240
240
240
240
240
240
240
240
240
240
240
240
240
240
241
241
241
242
242
242
242
242
242
242
242
242
242
243
243
243
244
245
246
246
246
246
246
246
246
246
246
246
246
246
246
246
246
246
246
246
246
246
246
246
246
246
246
246
246
246
247
247
247
247
247
247
247
247
247
247
247
247
247
247
247
247
248
248
248
248
248
249
249
249
249
249
249
249
249
249
249
249
249
249
249
249
249
249
249
249
249
249
249
249
249
249
250
