0
0
0
0
0
0
0
0
0
0
0
0
0
0
0
0
0
0
0
0
0
1
1
1
1
1
1
1
1
1
1
1
1
1
1
1
1
1
2
2
2
3
3
3
3
3
3
3
4
5
5
6
6
6
6
6
6
6
6
6
6
6
6
6
7
7
7
8
8
8
8
8
8
8
8
8
9
9
9
9
9
9
9
9
9
9
9
9
9
9
9
9
9
9
9
9
9
9
9
9
9
9
10
10
10
10
10
10
10
10
10
10
11
11
11
11
11
11
11
11
11
11
11
11
11
11
11
11
11
11
11
11
12
12
12
12
12
12
12
12
13
13
13
13
13
13
13
13
13
13
13
13
13
13
13
14
14
14
14
14
14
14
14
14
14
14
14
14
14
14
14
14
14
14
15
15
15
16
17
18
19
19
20
20
20
20
20
20
20
21
21
21
23
23
23
23
23
24
25
27
27
27
27
27
27
28
28
29
30
32
32
34
34
37
40
43
45
47
50
52
54
57
59
60
62
63
65
67
70
74
75
77
79
80
81
82
83
86
90
92
94
96
99
101
104
106
110
112
112
113
115
116
119
120
120
120
121
122
124
124
125
126
130
132
132
132
132
133
134
135
135
135
135
137
139
140
140
141
141
141
141
141
142
142
142
142
143
144
144
144
145
145
147
149
150
150
151
152
153
153
154
154
154
155
156
158
158
158
160
161
161
162
164
166
166
167
167
169
171
171
171
172
172
174
174
175
176
177
178
178
180
180
182
183
183
183
184
184
185
189
189
189
191
191
191
191
191
191
192
192
193
193
194
194
195
195
195
195
198
199
201
201
202
203
203
203
205
205
206
206
207
208
208
208
209
210
210
210
213
213
213
214
214
214
214
214
214
215
215
215
215
216
217
217
217
217
219
219
219
219
219
219
219
220
220
220
221
221
221
222
222
222
223
225
225
225
226
226
227
227
227
227
227
227
227
228
229
229
230
230
232
232
233
233
233
233
233
233
233
233
233
233
233
233
233
233
234
234
234
234
234
234
234
234
234
234
234
234
234
234
234
235
235
236
236
236
236
236
236
236
236
236
236
236
236
237
237
237
237
238
238
238
238
238
238
238
239
239
239
240
240
240
241
241
241
241
241
241
242
242
242
242
242
242
242
242
242
242
242
242
242
242
242
242
243
243
243
243
243
243
243
243
243
243
243
243
244
245
245
245
245
245
245
245
246
246
246
246
246
246
246
246
246
246
246
246
246
246
246
247
247
247
247
247
247
247
247
248
248
248
248
248
248
248
248
248
248
248
248
248
248
248
248
249
249
249
249
249
249
249
249
249
249
249
250
