0
0
0
0
0
0
0
0
0
0
0
0
1
1
1
1
1
1
1
1
1
2
2
2
2
2
2
2
2
2
2
2
2
2
2
2
2
2
2
2
2
2
3
3
3
3
3
3
3
3
3
3
3
3
3
3
3
3
3
3
3
3
3
3
3
3
3
3
3
3
3
3
3
3
3
3
3
3
4
4
4
4
4
4
4
4
5
6
6
6
6
6
6
6
6
6
6
6
6
6
6
6
6
6
6
6
6
6
6
7
9
10
11
11
11
11
11
11
11
11
11
11
11
11
11
11
11
11
11
11
11
13
13
13
13
13
13
13
13
13
14
14
14
15
15
15
15
15
16
16
16
16
16
16
16
16
17
18
18
18
18
18
18
18
18
18
18
18
19
19
19
19
19
19
19
19
19
19
19
19
19
19
19
19
19
19
19
19
19
19
20
20
20
20
20
20
20
20
20
20
20
20
20
20
20
20
20
20
20
20
22
23
23
23
24
25
25
26
28
29
30
30
30
31
31
31
33
34
34
35
37
39
39
41
41
42
43
43
45
45
45
45
46
47
47
48
49
50
50
52
53
53
53
53
53
56
57
58
58
59
62
64
64
66
66
68
69
72
75
77
78
79
80
82
82
83
84
84
84
86
87
87
89
91
93
95
95
98
100
100
100
101
103
106
108
108
112
113
113
115
115
117
119
119
120
121
123
123
124
125
125
129
130
130
130
132
134
136
137
138
139
139
139
140
142
143
144
145
146
147
150
150
150
150
150
151
151
151
153
154
155
155
156
157
159
159
159
159
159
161
162
162
162
162
164
165
166
166
168
170
170
171
171
172
173
174
176
177
180
182
182
184
184
185
187
187
188
189
190
190
191
192
192
193
193
194
194
194
195
196
198
199
199
201
201
202
204
205
205
205
205
205
205
205
205
205
205
205
205
205
206
206
206
207
209
209
209
209
210
211
211
211
211
212
214
215
215
216
217
217
218
218
219
219
219
221
221
222
222
222
222
222
222
224
225
225
225
225
225
226
226
226
228
228
228
228
229
230
231
232
232
232
232
233
233
233
235
235
236
236
237
237
237
237
238
238
238
238
238
238
238
238
238
238
238
238
238
238
238
239
239
239
239
239
239
239
239
240
240
240
240
240
241
241
242
243
243
243
243
244
244
244
244
245
245
245
245
245
246
246
246
246
246
246
246
246
246
247
247
247
247
247
247
247
247
248
248
248
248
248
248
248
248
248
248
249
249
250
