0
0
0
0
0
0
0
0
0
0
0
0
0
0
0
0
0
0
0
0
0
0
0
0
0
0
0
0
0
0
0
0
0
0
1
1
1
1
1
1
1
1
1
1
1
2
2
2
2
3
3
3
3
3
3
3
3
3
3
3
3
3
3
3
3
3
3
3
3
4
4
4
4
4
4
4
4
4
4
4
4
4
5
6
6
6
6
7
7
7
7
7
7
8
8
8
8
8
8
8
9
9
9
9
9
9
10
10
10
10
10
10
10
11
11
11
12
12
12
13
13
13
13
13
13
13
13
13
14
14
14
14
14
14
15
15
15
15
16
16
16
16
17
17
19
19
19
20
21
21
21
21
21
21
22
24
24
25
25
26
26
26
27
27
28
29
29
29
29
30
31
31
31
31
32
32
32
32
32
32
32
32
33
33
33
34
35
35
35
35
36
36
36
36
36
37
38
38
39
39
40
40
41
43
46
47
47
48
50
51
51
51
52
52
52
53
54
54
54
54
55
57
58
58
58
58
58
59
60
61
63
64
66
66
68
68
68
68
70
70
70
70
70
70
70
71
71
72
72
72
72
72
72
73
73
73
74
74
74
74
74
74
74
74
74
74
74
74
74
74
74
74
74
74
74
74
74
74
74
74
74
74
74
74
74
74
74
74
74
74
74
74
74
74
74
74
74
74
74
74
74
74
74
74
74
74
74
74
74
74
74
74
74
74
74
74
74
74
74
74
74
74
74
74
74
74
74
74
74
74
74
74
74
74
74
74
74
74
74
74
74
74
74
74
74
74
74
74
74
74
75
75
75
75
75
75
75
75
75
75
75
75
75
75
75
75
76
77
77
77
77
77
77
78
78
78
78
78
78
78
78
78
78
78
78
79
80
80
80
80
80
80
80
80
80
80
80
80
80
80
80
80
80
80
80
80
80
80
81
81
82
82
82
83
83
85
87
88
89
91
95
96
97
99
99
101
102
102
105
105
105
106
107
107
109
111
112
114
115
116
117
119
120
121
122
123
125
127
128
128
129
131
133
134
134
136
137
138
139
139
141
142
142
146
146
147
150
150
151
154
154
156
158
160
162
163
163
164
166
168
170
171
174
175
175
175
176
177
178
179
179
180
181
183
187
191
192
194
196
196
196
196
197
197
199
199
200
202
202
203
207
210
212
212
212
212
212
214
214
214
214
214
214
214
214
214
215
215
215
215
215
215
215
215
215
215
215
215
215
215
215
215
215
215
216
216
217
217
217
217
217
217
217
217
217
218
218
219
219
219
220
220
220
220
220
220
220
220
220
220
220
221
221
224
224
224
225
225
225
225
226
226
227
227
227
227
227
227
227
227
227
227
228
228
228
228
228
228
228
228
229
229
230
230
230
230
230
230
230
230
230
230
230
230
230
230
231
231
231
231
231
232
233
233
233
233
233
233
233
233
233
234
234
234
234
234
236
236
236
236
236
237
237
237
237
237
238
238
238
238
238
238
238
238
238
238
239
239
239
239
239
239
240
240
240
240
240
240
241
241
241
241
241
241
241
241
241
241
241
241
241
241
241
241
241
241
241
242
242
242
242
242
242
242
242
242
242
242
242
242
242
242
242
243
243
243
243
244
245
246
246
248
248
248
248
249
249
249
249
249
249
249
249
250
