0
0
0
0
0
0
0
0
0
0
0
0
0
0
0
0
0
0
0
0
0
0
0
0
0
0
0
0
0
0
0
0
0
0
0
1
1
2
2
2
3
3
3
3
3
3
3
4
4
4
4
4
4
4
4
4
4
5
5
5
5
5
5
5
5
5
6
6
6
6
7
8
8
8
8
8
8
8
8
8
9
9
9
10
10
10
11
12
12
12
12
12
12
12
13
13
13
13
13
14
14
14
15
16
17
17
17
17
17
17
18
19
19
19
19
19
19
19
20
21
21
21
21
22
24
25
25
25
25
25
27
27
27
28
28
28
28
28
28
28
28
28
29
30
30
30
30
30
30
30
30
32
33
33
33
33
34
34
35
35
35
36
36
36
36
36
36
36
36
36
36
37
37
38
39
39
39
39
39
39
40
41
42
43
43
44
45
45
45
46
46
46
46
46
48
48
48
48
49
50
51
52
55
56
56
56
56
57
58
59
60
62
62
63
63
63
64
64
65
66
66
66
66
67
69
69
69
70
72
72
72
72
72
73
73
75
75
77
77
78
78
78
79
81
81
81
82
83
83
84
85
86
86
87
87
87
87
87
87
87
87
88
88
88
89
90
91
91
91
91
91
91
93
94
94
96
98
101
101
102
102
102
104
104
105
106
106
106
106
107
109
110
110
111
111
111
111
111
112
113
115
116
118
121
122
123
126
128
129
130
132
132
132
132
133
135
137
138
138
139
139
139
139
139
139
140
140
141
141
141
143
145
146
147
147
147
147
148
148
149
150
151
151
152
152
153
155
156
156
157
157
157
158
159
160
161
161
163
164
164
164
164
164
165
165
166
166
166
167
167
168
168
168
168
168
169
171
171
172
172
172
172
172
172
174
174
175
176
178
179
180
180
181
182
182
183
184
185
186
188
189
189
189
190
190
191
192
192
192
193
193
194
194
194
195
195
196
197
197
197
197
197
197
197
197
197
197
197
197
197
197
198
198
198
198
198
200
201
201
201
202
202
202
203
203
204
204
205
206
206
206
206
206
209
210
210
210
212
213
213
214
214
214
215
215
215
215
215
216
216
216
217
217
217
217
218
218
218
218
218
218
218
219
220
220
220
221
221
221
221
221
221
222
222
222
222
222
222
222
222
222
222
222
222
222
223
223
223
224
225
225
225
225
225
225
225
226
226
227
227
227
227
227
227
227
227
227
227
227
229
229
229
229
229
230
230
231
231
231
232
232
232
232
232
232
232
232
232
232
233
233
233
233
234
234
234
234
234
235
235
235
235
235
236
236
236
236
236
236
236
236
236
236
236
236
236
236
236
236
236
236
236
236
236
236
236
236
236
236
236
237
237
238
238
239
239
239
239
239
239
239
239
239
239
239
239
239
239
239
239
239
239
239
239
240
240
240
240
240
241
241
241
241
242
242
242
242
242
242
243
244
244
244
244
244
244
244
244
244
244
244
244
244
244
245
245
245
245
245
245
245
245
245
245
245
245
245
245
245
245
245
245
245
246
246
246
246
246
246
246
246
246
246
246
246
246
246
247
247
247
247
247
247
247
247
247
247
247
247
247
247
247
247
247
247
247
247
247
247
247
247
247
247
247
247
247
247
247
247
247
247
247
247
247
247
247
247
247
247
247
247
247
247
247
247
247
247
247
247
247
247
247
247
247
247
247
247
247
247
247
247
247
247
247
247
247
247
247
247
247
247
247
247
247
247
247
247
247
247
247
247
247
247
247
247
247
247
247
247
247
247
247
247
247
247
247
247
247
247
247
247
247
247
247
247
247
247
247
247
247
247
247
247
247
247
247
247
247
247
247
247
247
247
247
247
247
247
247
247
247
247
247
247
247
247
247
247
247
247
247
247
247
247
247
247
247
247
247
247
247
247
247
247
247
247
247
247
247
247
247
247
247
247
247
247
247
247
247
247
247
247
247
247
247
247
247
247
247
247
247
247
247
247
247
247
247
247
247
247
247
247
247
247
247
247
247
247
247
247
247
247
247
247
247
247
247
247
247
247
248
248
248
249
249
249
249
249
249
249
249
249
249
249
249
249
249
249
249
249
249
249
249
249
249
249
250
