0
0
0
0
0
0
0
0
0
0
0
0
0
0
0
0
0
0
0
0
0
0
0
0
0
0
0
0
0
0
0
0
1
1
1
1
1
1
1
1
1
1
1
2
2
2
2
2
2
2
2
2
2
2
2
2
2
2
2
2
2
2
2
2
2
2
2
3
3
3
4
5
5
5
5
5
5
5
5
5
5
5
5
5
5
5
5
5
5
5
5
5
6
6
6
6
6
6
6
6
6
6
6
6
6
7
8
8
8
9
9
9
9
9
9
10
10
10
10
10
10
10
11
11
11
11
11
11
11
11
11
12
12
12
12
12
13
14
14
14
14
14
14
14
14
14
14
14
14
14
14
15
15
15
15
15
15
16
16
16
16
17
17
17
18
18
18
18
18
18
18
18
19
19
20
20
20
20
20
20
20
20
20
20
21
21
21
21
21
21
21
23
24
25
27
27
29
29
31
32
33
34
34
35
35
35
35
36
38
39
39
39
39
40
41
41
41
41
42
42
42
43
44
44
45
45
45
45
45
45
45
45
45
45
45
45
45
45
45
45
45
45
45
45
45
45
45
45
45
45
45
45
45
45
45
45
45
45
45
45
45
45
45
45
45
45
45
45
45
45
45
45
45
45
45
45
45
45
45
45
45
45
45
45
45
45
45
45
45
45
45
45
45
45
45
45
45
45
45
45
45
45
45
45
45
45
45
45
45
46
46
47
47
47
47
47
47
47
47
47
47
47
47
47
47
47
47
47
47
48
48
48
48
48
48
48
48
48
48
48
48
48
48
49
49
49
49
49
49
49
49
49
49
49
49
49
49
49
49
49
49
49
49
49
49
49
49
49
49
50
50
50
50
50
50
51
51
51
51
51
51
51
51
52
54
54
55
55
56
56
56
56
56
56
56
56
56
56
56
56
56
57
57
57
58
59
60
62
65
66
67
67
69
70
72
74
74
76
76
76
76
78
79
82
83
84
86
89
90
92
92
92
94
96
98
103
104
105
105
108
112
115
115
117
120
121
121
124
125
126
127
131
133
135
136
139
139
142
144
147
147
148
150
150
151
152
154
156
156
156
158
158
158
159
161
161
161
162
164
164
164
166
167
168
169
171
173
174
176
178
179
182
182
182
184
187
189
189
189
190
191
192
192
194
195
196
196
196
198
200
200
200
200
200
200
200
200
201
203
203
203
203
203
203
203
204
204
204
205
206
206
206
206
206
206
206
207
208
208
208
209
209
210
210
211
211
211
211
212
212
212
212
212
213
213
213
213
213
213
213
213
213
213
213
213
213
214
215
215
215
216
216
216
216
216
216
217
217
217
217
217
217
218
220
221
221
221
221
221
221
222
222
222
222
222
223
223
223
223
224
224
224
224
225
225
225
225
226
226
226
226
226
227
227
229
230
231
232
232
232
232
232
232
232
233
233
233
233
234
234
234
234
234
235
235
236
236
236
237
237
237
237
237
237
237
237
237
237
237
237
237
237
237
237
237
237
238
238
238
238
238
238
238
239
239
239
239
240
241
241
241
241
241
241
241
241
241
241
242
242
242
242
242
242
242
242
242
242
242
242
242
242
242
242
242
242
242
242
243
243
243
243
243
243
243
243
243
243
243
243
243
243
243
243
243
243
243
243
243
243
243
244
244
244
244
244
244
244
244
244
245
245
245
245
245
245
245
245
245
245
245
245
246
246
246
246
246
246
246
246
246
246
246
246
246
246
246
246
247
247
247
247
248
248
248
248
248
249
249
249
250
