0
0
0
0
0
1
1
1
1
1
2
2
2
2
2
2
2
2
2
2
3
3
3
3
3
3
3
3
3
3
3
3
3
3
3
3
3
3
3
3
3
3
3
3
3
3
3
3
3
3
3
3
3
3
3
3
3
3
3
3
3
3
3
3
3
4
4
4
4
4
5
5
5
5
5
5
5
5
5
5
5
5
5
5
5
5
5
5
5
5
5
5
5
5
6
7
7
7
7
7
7
7
7
7
7
7
7
7
7
7
7
7
8
8
8
8
9
9
9
9
9
10
10
10
10
11
11
11
11
11
11
12
12
12
12
12
12
12
12
12
12
12
12
12
12
12
12
12
12
12
12
12
12
12
12
13
13
14
15
15
15
15
15
15
15
15
15
15
15
15
15
15
15
15
15
15
15
15
15
15
15
15
15
15
16
16
16
17
17
17
17
17
17
17
18
18
19
19
19
19
19
19
19
19
19
20
20
20
20
20
20
21
21
21
21
21
21
21
21
21
21
21
21
21
21
21
21
21
21
22
22
22
22
23
23
24
25
26
27
27
28
28
28
28
29
29
29
29
29
29
29
31
31
31
31
31
32
34
35
35
37
38
38
38
38
38
39
39
39
39
39
39
39
39
41
41
41
41
42
43
43
44
44
45
46
46
47
48
50
51
52
52
52
52
52
52
52
52
52
52
52
52
52
52
52
54
55
55
55
56
57
58
59
60
63
64
66
68
70
70
70
72
74
74
75
75
76
76
77
77
77
77
78
78
79
80
80
81
82
85
85
87
87
90
90
91
91
92
93
93
93
94
94
96
99
101
103
106
106
106
106
107
108
108
109
109
109
110
112
112
113
113
114
114
114
115
115
116
118
119
119
119
119
119
119
119
119
119
121
122
122
123
123
123
124
125
126
126
127
128
129
129
129
129
129
129
130
131
131
131
131
132
132
132
134
134
134
135
135
135
136
137
138
138
138
140
142
142
143
143
144
144
144
144
144
144
144
145
145
145
146
147
147
147
150
151
153
154
154
154
155
155
156
157
157
157
158
159
159
159
161
162
163
166
168
168
169
172
174
175
176
176
176
176
176
177
177
177
177
177
177
178
178
178
178
178
178
178
178
178
178
178
178
178
179
179
180
180
180
180
181
181
181
181
181
181
182
182
183
183
183
183
184
184
184
184
184
184
184
184
184
185
185
185
185
185
185
185
185
185
185
185
185
185
185
185
185
185
185
187
187
187
187
188
188
188
189
190
191
191
192
193
193
194
194
194
194
194
194
194
194
195
195
195
195
195
195
195
195
196
196
196
196
196
196
196
196
196
197
198
198
198
198
198
199
199
199
199
200
200
200
200
200
200
200
200
200
201
201
201
201
201
202
202
202
202
202
202
203
203
203
204
205
205
205
205
206
207
207
208
208
208
208
209
209
209
209
209
210
211
212
212
213
213
214
214
214
214
214
214
214
214
215
215
215
215
215
215
215
215
217
217
217
217
217
217
217
217
217
217
217
218
218
218
218
218
219
219
219
219
219
219
219
219
219
219
220
220
220
221
221
222
222
222
222
222
222
222
222
222
222
223
223
223
223
223
223
224
224
225
225
225
225
225
225
226
226
226
226
227
227
227
227
227
227
227
227
227
227
227
228
228
228
228
228
228
228
229
229
229
229
229
230
230
230
231
231
231
231
231
231
231
231
231
231
231
231
231
231
231
231
231
231
231
231
231
231
231
231
231
231
231
231
231
231
231
231
231
231
231
231
231
231
231
231
231
231
231
231
231
231
231
231
231
231
231
231
231
231
231
231
232
232
232
233
233
233
233
233
233
233
233
233
233
233
233
233
233
233
233
233
233
233
233
233
233
233
233
233
234
234
234
234
234
234
234
234
234
234
234
234
234
234
234
235
235
235
235
235
235
236
236
236
236
236
237
237
237
238
238
238
238
239
239
239
239
239
239
239
239
239
239
239
239
239
239
239
239
239
239
239
239
239
239
239
239
239
239
239
239
239
239
240
240
240
240
240
240
240
240
240
240
240
240
240
240
240
240
240
240
240
241
241
241
241
241
241
241
241
241
241
241
241
241
241
241
241
241
241
241
241
242
243
243
243
243
243
243
243
243
243
243
243
243
243
243
243
243
243
243
243
243
243
243
243
243
243
243
243
243
244
244
244
244
244
244
244
245
245
245
245
245
245
245
245
245
245
245
245
245
245
245
246
246
246
247
247
247
247
247
247
247
247
247
247
247
247
247
247
247
247
247
247
247
247
248
248
248
248
248
248
248
248
248
248
248
248
248
248
248
248
248
248
248
248
248
248
248
248
248
248
248
248
248
248
248
248
248
249
249
249
249
249
249
249
249
249
249
249
249
249
249
249
249
249
249
249
249
249
249
249
249
249
249
249
249
249
249
249
249
249
249
249
249
249
249
249
249
249
249
249
249
249
250
